"","39ED","B75C","29B2","663E","22B0","076C","D14D","F44A","15BF","80F1","41C1","CB2B","A5EF","A24D","F377","3CC1","24E9","4ECA","AC35","BF04","4C7B","E063","EC1A","7C6F","A539","44BD","DCCF","D629","C5F2","5939","255","387","418B","879F","AA3C","4FE4","B8A2","2D31","D4DC","8787","AC37","F429","C809","A42D","B3E9","145","734","34C9","494F","8106","8666","8BE4","9A80","A16E","A816","D849"
"39ED",0,0.282828282828283,0.431192660550459,0.381818181818182,0.298387096774194,0.387931034482759,0.441441441441441,0.384615384615385,0.420560747663551,0.362068965517241,0.423423423423423,0.314516129032258,0.411764705882353,0.289473684210526,0.411214953271028,0.342342342342342,0.4375,0.504587155963303,0.342342342342342,0.45945945945946,0.217391304347826,0.336633663366337,0.463636363636364,0.336538461538462,0.330508474576271,0.481481481481481,0.378378378378378,0.378378378378378,0.356521739130435,0.390909090909091,0.341880341880342,0.314285714285714,0.24,0.31496062992126,0.324786324786325,0.406779661016949,0.330357142857143,0.247787610619469,0.263157894736842,0.208,0.298387096774194,0.353448275862069,0.254098360655738,0.0659340659340659,0.101123595505618,0.0537634408602151,0.0869565217391304,0.102272727272727,0.0652173913043478,0.0752688172043011,0.105882352941176,0.101123595505618,0.0804597701149425,0.0609756097560976,0.0888888888888889,0.0595238095238095
"B75C",0.282828282828283,0,0.25,0.301075268817204,0.287128712871287,0.274509803921569,0.264705882352941,0.350515463917526,0.315217391304348,0.309278350515464,0.295918367346939,0.333333333333333,0.268518518518519,0.303370786516854,0.333333333333333,0.282608695652174,0.313131313131313,0.303921568627451,0.325842696629214,0.323232323232323,0.238636363636364,0.238095238095238,0.3,0.384615384615385,0.340425531914894,0.205607476635514,0.244897959183673,0.326086956521739,0.329787234042553,0.311827956989247,0.340425531914894,0.229885057471264,0.203883495145631,0.333333333333333,0.252525252525253,0.227272727272727,0.25531914893617,0.264367816091954,0.269662921348315,0.176470588235294,0.262135922330097,0.26,0.207920792079208,0,0,0,0,0,0,0,0,0,0,0,0,0
"29B2",0.431192660550459,0.25,0,0.401869158878505,0.282258064516129,0.394736842105263,0.316666666666667,0.467889908256881,0.388888888888889,0.356521739130435,0.344827586206897,0.376068376068376,0.360655737704918,0.25,0.446601941747573,0.413461538461538,0.358974358974359,0.446428571428571,0.336363636363636,0.367521367521368,0.17948717948718,0.343434343434343,0.445454545454545,0.304761904761905,0.336206896551724,0.362068965517241,0.348214285714286,0.466019417475728,0.452830188679245,0.36036036036036,0.371681415929204,0.259259259259259,0.275,0.41025641025641,0.330434782608696,0.413793103448276,0.386792452830189,0.263636363636364,0.256637168141593,0.173228346456693,0.31404958677686,0.336206896551724,0.324561403508772,0.130952380952381,0.142857142857143,0.142857142857143,0.126436781609195,0.117647058823529,0.0909090909090909,0.126436781609195,0.0952380952380952,0.156626506024096,0.121951219512195,0.0625,0.142857142857143,0.0875
"663E",0.381818181818182,0.301075268817204,0.401869158878505,0,0.383928571428571,0.396396396396396,0.294117647058824,0.418181818181818,0.431372549019608,0.420560747663551,0.394495412844037,0.365217391304348,0.408695652173913,0.226086956521739,0.435643564356436,0.388349514563107,0.396396396396396,0.385964912280702,0.43,0.418181818181818,0.326732673267327,0.433333333333333,0.435185185185185,0.33,0.398148148148148,0.36283185840708,0.455445544554455,0.373831775700935,0.442307692307692,0.300884955752212,0.372727272727273,0.257142857142857,0.26271186440678,0.424778761061947,0.354545454545455,0.379310344827586,0.415841584158416,0.298076923076923,0.30188679245283,0.306306306306306,0.347826086956522,0.336283185840708,0.289473684210526,0.0705882352941176,0.0823529411764706,0.0697674418604651,0.0444444444444444,0.0833333333333333,0.0697674418604651,0.0444444444444444,0.0864197530864197,0.0823529411764706,0.0352941176470588,0.051948051948052,0.121951219512195,0.0375
"22B0",0.298387096774194,0.287128712871287,0.282258064516129,0.383928571428571,0,0.366666666666667,0.336065573770492,0.363636363636364,0.422018348623853,0.4,0.4,0.394957983193277,0.346456692913386,0.31578947368421,0.36283185840708,0.369369369369369,0.389830508474576,0.439655172413793,0.407407407407407,0.352459016393443,0.311926605504587,0.422680412371134,0.426086956521739,0.279279279279279,0.415929203539823,0.358333333333333,0.485714285714286,0.380530973451327,0.358974358974359,0.322033898305085,0.403508771929825,0.258928571428571,0.305785123966942,0.428571428571429,0.373913043478261,0.432203389830508,0.357142857142857,0.309090909090909,0.361111111111111,0.327586206896552,0.378151260504202,0.333333333333333,0.3,0.0752688172043011,0.134831460674157,0.074468085106383,0.0618556701030928,0.0752688172043011,0.10989010989011,0.0729166666666667,0.0898876404494382,0.10989010989011,0.043010752688172,0.0714285714285714,0.0860215053763441,0.0454545454545455
"076C",0.387931034482759,0.274509803921569,0.394736842105263,0.396396396396396,0.366666666666667,0,0.336065573770492,0.460176991150442,0.383928571428571,0.352941176470588,0.330578512396694,0.328,0.368,0.282051282051282,0.375,0.433962264150943,0.378151260504202,0.391666666666667,0.333333333333333,0.341463414634146,0.211864406779661,0.339805825242718,0.451327433628319,0.352380952380952,0.379310344827586,0.347107438016529,0.368421052631579,0.3,0.472222222222222,0.278688524590164,0.379310344827586,0.27027027027027,0.295081967213115,0.36,0.305785123966942,0.408333333333333,0.381818181818182,0.263157894736842,0.267241379310345,0.193798449612403,0.366666666666667,0.34453781512605,0.238095238095238,0.0638297872340425,0.122222222222222,0.0860215053763441,0.0842105263157895,0.123595505617978,0.134831460674157,0.0618556701030928,0.0898876404494382,0.0978260869565217,0.0777777777777778,0.0465116279069767,0.074468085106383,0.0574712643678161
"D14D",0.441441441441441,0.264705882352941,0.316666666666667,0.294117647058824,0.336065573770492,0.336065573770492,0,0.355371900826446,0.36283185840708,0.333333333333333,0.300813008130081,0.352459016393443,0.328125,0.241666666666667,0.390909090909091,0.31304347826087,0.336065573770492,0.443478260869565,0.237704918032787,0.413793103448276,0.203389830508475,0.234234234234234,0.304,0.293577981651376,0.358974358974359,0.285714285714286,0.291666666666667,0.324786324786325,0.305785123966942,0.302521008403361,0.325,0.228070175438596,0.246031746031746,0.3,0.276422764227642,0.333333333333333,0.237704918032787,0.232758620689655,0.258620689655172,0.285714285714286,0.2734375,0.347457627118644,0.25,0.112359550561798,0.111111111111111,0.0638297872340425,0.0967741935483871,0.1,0.0869565217391304,0.108695652173913,0.103448275862069,0.0989010989010989,0.0666666666666667,0.072289156626506,0.0638297872340425,0.0705882352941176
"F44A",0.384615384615385,0.350515463917526,0.467889908256881,0.418181818181818,0.363636363636364,0.460176991150442,0.355371900826446,0,0.5,0.372881355932203,0.317073170731707,0.427350427350427,0.34375,0.301724137931034,0.462264150943396,0.429906542056075,0.460176991150442,0.388429752066116,0.378378378378378,0.383333333333333,0.161290322580645,0.418367346938776,0.473214285714286,0.375,0.4,0.389830508474576,0.341880341880342,0.524271844660194,0.467889908256881,0.308333333333333,0.424778761061947,0.290909090909091,0.370689655172414,0.401639344262295,0.325,0.46551724137931,0.416666666666667,0.355140186915888,0.28695652173913,0.192307692307692,0.398305084745763,0.364406779661017,0.330508474576271,0.134831460674157,0.120879120879121,0.120879120879121,0.0947368421052632,0.0860215053763441,0.0736842105263158,0.106382978723404,0.0769230769230769,0.108695652173913,0.113636363636364,0.0459770114942529,0.0967741935483871,0.0449438202247191
"15BF",0.420560747663551,0.315217391304348,0.388888888888889,0.431372549019608,0.422018348623853,0.383928571428571,0.36283185840708,0.5,0,0.394495412844037,0.447619047619048,0.353448275862069,0.433628318584071,0.247787610619469,0.45,0.401960784313726,0.462264150943396,0.436363636363636,0.361904761904762,0.418181818181818,0.185840707964602,0.482758620689655,0.448598130841121,0.278846153846154,0.398148148148148,0.480769230769231,0.441176470588235,0.515463917525773,0.485148514851485,0.348623853211009,0.398148148148148,0.281553398058252,0.307017543859649,0.387931034482759,0.405660377358491,0.467889908256881,0.588888888888889,0.285714285714286,0.339805825242718,0.283185840707965,0.336206896551724,0.324561403508772,0.278260869565217,0.123456790123457,0.17948717948718,0.121951219512195,0.105882352941176,0.0963855421686747,0.164556962025316,0.146341463414634,0.142857142857143,0.164556962025316,0.0731707317073171,0.10958904109589,0.135802469135802,0.0779220779220779
"80F1",0.362068965517241,0.309278350515464,0.356521739130435,0.420560747663551,0.4,0.352941176470588,0.333333333333333,0.372881355932203,0.394495412844037,0,0.385964912280702,0.481818181818182,0.448275862068966,0.278260869565217,0.385321100917431,0.342342342342342,0.330578512396694,0.355371900826446,0.405660377358491,0.433628318584071,0.284403669724771,0.35,0.319672131147541,0.299065420560748,0.330508474576271,0.367521367521368,0.403669724770642,0.353982300884956,0.333333333333333,0.353982300884956,0.481132075471698,0.314285714285714,0.24,0.452173913043478,0.396396396396396,0.418803418803419,0.354545454545455,0.317757009345794,0.411764705882353,0.290598290598291,0.387931034482759,0.341880341880342,0.264462809917355,0.0543478260869565,0.0888888888888889,0.0425531914893617,0.0416666666666667,0.0319148936170213,0.0888888888888889,0.0752688172043011,0.0561797752808989,0.0652173913043478,0.0217391304347826,0.0481927710843374,0.0769230769230769,0.0348837209302326
"41C1",0.423423423423423,0.295918367346939,0.344827586206897,0.394495412844037,0.4,0.330578512396694,0.300813008130081,0.317073170731707,0.447619047619048,0.385964912280702,0,0.32520325203252,0.5,0.225,0.438095238095238,0.354545454545455,0.45045045045045,0.623762376237624,0.36697247706422,0.396551724137931,0.238938053097345,0.436170212765957,0.412280701754386,0.336538461538462,0.453703703703704,0.415929203539823,0.457142857142857,0.366071428571429,0.457943925233645,0.378378378378378,0.353448275862069,0.232142857142857,0.25,0.403361344537815,0.422018348623853,0.394957983193277,0.49,0.293577981651376,0.333333333333333,0.279661016949153,0.330578512396694,0.365217391304348,0.285714285714286,0.102272727272727,0.113636363636364,0.101123595505618,0.0989010989010989,0.127906976744186,0.0769230769230769,0.0989010989010989,0.119047619047619,0.126436781609195,0.0930232558139535,0.0740740740740741,0.101123595505618,0.072289156626506
"CB2B",0.314516129032258,0.333333333333333,0.376068376068376,0.365217391304348,0.394957983193277,0.328,0.352459016393443,0.427350427350427,0.353448275862069,0.481818181818182,0.32520325203252,0,0.373015873015873,0.310344827586207,0.322033898305085,0.316239316239316,0.307086614173228,0.3203125,0.327586206896552,0.403361344537815,0.330275229357798,0.333333333333333,0.349593495934959,0.384615384615385,0.408695652173913,0.30952380952381,0.327731092436975,0.35042735042735,0.376068376068376,0.316666666666667,0.433628318584071,0.3,0.322314049586777,0.457627118644068,0.333333333333333,0.413223140495868,0.316239316239316,0.377358490566038,0.342342342342342,0.380530973451327,0.394957983193277,0.361344537815126,0.284552845528455,0.0851063829787234,0.0729166666666667,0.0510204081632653,0.05,0.0303030303030303,0.0729166666666667,0.0824742268041237,0.0421052631578947,0.0510204081632653,0.03125,0.0337078651685393,0.0618556701030928,0.0217391304347826
"A5EF",0.411764705882353,0.268518518518519,0.360655737704918,0.408695652173913,0.346456692913386,0.368,0.328125,0.34375,0.433628318584071,0.448275862068966,0.5,0.373015873015873,0,0.286885245901639,0.4375,0.370689655172414,0.425,0.5,0.407079646017699,0.40983606557377,0.282051282051282,0.380952380952381,0.390243902439024,0.295652173913043,0.439655172413793,0.440677966101695,0.455357142857143,0.358333333333333,0.469026548672566,0.38135593220339,0.415254237288136,0.321428571428571,0.299212598425197,0.439024390243902,0.473214285714286,0.419354838709677,0.458715596330275,0.279661016949153,0.339130434782609,0.298387096774194,0.425,0.452173913043478,0.358333333333333,0.114583333333333,0.136842105263158,0.11340206185567,0.122448979591837,0.138297872340426,0.11340206185567,0.145833333333333,0.130434782608696,0.148936170212766,0.106382978723404,0.0777777777777778,0.125,0.0879120879120879
"A24D",0.289473684210526,0.303370786516854,0.25,0.226086956521739,0.31578947368421,0.282051282051282,0.241666666666667,0.301724137931034,0.247787610619469,0.278260869565217,0.225,0.310344827586207,0.286885245901639,0,0.308411214953271,0.38,0.351351351351351,0.307692307692308,0.26605504587156,0.290598290598291,0.29,0.252525252525253,0.351351351351351,0.254901960784314,0.23728813559322,0.342342342342342,0.302752293577982,0.302752293577982,0.294642857142857,0.339622641509434,0.315315315315315,0.365591397849462,0.333333333333333,0.333333333333333,0.285714285714286,0.23015873015873,0.221238938053097,0.287128712871287,0.316831683168317,0.308411214953271,0.363636363636364,0.327272727272727,0.405940594059406,0.0617283950617284,0.0875,0.0481927710843374,0.0348837209302326,0.048780487804878,0.0609756097560976,0.0470588235294118,0.0779220779220779,0.0609756097560976,0.0641025641025641,0.027027027027027,0.0609756097560976,0.012987012987013
"F377",0.411214953271028,0.333333333333333,0.446601941747573,0.435643564356436,0.36283185840708,0.375,0.390909090909091,0.462264150943396,0.45,0.385321100917431,0.438095238095238,0.322033898305085,0.4375,0.308411214953271,0,0.434343434343434,0.439252336448598,0.481132075471698,0.378640776699029,0.396396396396396,0.209090909090909,0.422222222222222,0.439252336448598,0.306930693069307,0.428571428571429,0.378378378378378,0.445544554455446,0.474747474747475,0.392523364485981,0.377358490566038,0.339285714285714,0.259615384615385,0.28695652173913,0.34453781512605,0.357798165137615,0.432432432432432,0.434343434343434,0.300970873786408,0.330097087378641,0.252173913043478,0.305084745762712,0.401869158878505,0.351851851851852,0.111111111111111,0.109756097560976,0.0963855421686747,0.120481927710843,0.153846153846154,0.0833333333333333,0.107142857142857,0.0875,0.123456790123457,0.115384615384615,0.0666666666666667,0.123456790123457,0.0789473684210526
"3CC1",0.342342342342342,0.282608695652174,0.413461538461538,0.388349514563107,0.369369369369369,0.433962264150943,0.31304347826087,0.429906542056075,0.401960784313726,0.342342342342342,0.354545454545455,0.316239316239316,0.370689655172414,0.38,0.434343434343434,0,0.490196078431373,0.383928571428571,0.359223300970874,0.403669724770642,0.224299065420561,0.465116279069767,0.490196078431373,0.34020618556701,0.333333333333333,0.385321100917431,0.469387755102041,0.469387755102041,0.5,0.333333333333333,0.37037037037037,0.316326530612245,0.226890756302521,0.44954128440367,0.39047619047619,0.365217391304348,0.4,0.269230769230769,0.310679611650485,0.213675213675214,0.407407407407407,0.450980392156863,0.297297297297297,0.113924050632911,0.126582278481013,0.1125,0.0833333333333333,0.1,0.072289156626506,0.0833333333333333,0.118421052631579,0.126582278481013,0.103896103896104,0.04,0.0853658536585366,0.038961038961039
"24E9",0.4375,0.313131313131313,0.358974358974359,0.396396396396396,0.389830508474576,0.378151260504202,0.336065573770492,0.460176991150442,0.462264150943396,0.330578512396694,0.45045045045045,0.307086614173228,0.425,0.351351351351351,0.439252336448598,0.490196078431373,0,0.491071428571429,0.394495412844037,0.460176991150442,0.232758620689655,0.5,0.532710280373832,0.378640776699029,0.467889908256881,0.481818181818182,0.485714285714286,0.5,0.5,0.3,0.333333333333333,0.317757009345794,0.253968253968254,0.370967741935484,0.410714285714286,0.469565217391304,0.490196078431373,0.309090909090909,0.300884955752212,0.272727272727273,0.366666666666667,0.379310344827586,0.380530973451327,0.123595505617978,0.134831460674157,0.10989010989011,0.144444444444444,0.136363636363636,0.0978260869565217,0.170454545454545,0.154761904761905,0.147727272727273,0.114942528735632,0.0714285714285714,0.10989010989011,0.0952380952380952
"4ECA",0.504587155963303,0.303921568627451,0.446428571428571,0.385964912280702,0.439655172413793,0.391666666666667,0.443478260869565,0.388429752066116,0.436363636363636,0.355371900826446,0.623762376237624,0.3203125,0.5,0.307692307692308,0.481132075471698,0.383928571428571,0.491071428571429,0,0.336206896551724,0.423728813559322,0.258620689655172,0.46875,0.439655172413793,0.318181818181818,0.468468468468468,0.418803418803419,0.472222222222222,0.394736842105263,0.514018691588785,0.458715596330275,0.358333333333333,0.252173913043478,0.229007633587786,0.441666666666667,0.45045045045045,0.40983606557377,0.476190476190476,0.256410256410256,0.351351351351351,0.276422764227642,0.368852459016393,0.429824561403509,0.358974358974359,0.119565217391304,0.130434782608696,0.106382978723404,0.139784946236559,0.131868131868132,0.0721649484536082,0.127659574468085,0.0869565217391304,0.142857142857143,0.0869565217391304,0.0689655172413793,0.106382978723404,0.0919540229885057
"AC35",0.342342342342342,0.325842696629214,0.336363636363636,0.43,0.407407407407407,0.333333333333333,0.237704918032787,0.378378378378378,0.361904761904762,0.405660377358491,0.36697247706422,0.327586206896552,0.407079646017699,0.26605504587156,0.378640776699029,0.359223300970874,0.394495412844037,0.336206896551724,0,0.403669724770642,0.235849056603774,0.384615384615385,0.407407407407407,0.354166666666667,0.345454545454545,0.411214953271028,0.411764705882353,0.425742574257426,0.373831775700935,0.371428571428571,0.357798165137615,0.277227722772277,0.216666666666667,0.423423423423423,0.41747572815534,0.330508474576271,0.346153846153846,0.346938775510204,0.35,0.224137931034483,0.381818181818182,0.309734513274336,0.309090909090909,0.1,0.0987654320987654,0.0987654320987654,0.0705882352941176,0.1,0.0987654320987654,0.0963855421686747,0.0897435897435897,0.1125,0.0493827160493827,0.0684931506849315,0.186666666666667,0.0526315789473684
"BF04",0.45945945945946,0.323232323232323,0.367521367521368,0.418181818181818,0.352459016393443,0.341463414634146,0.413793103448276,0.383333333333333,0.418181818181818,0.433628318584071,0.396551724137931,0.403361344537815,0.40983606557377,0.290598290598291,0.396396396396396,0.403669724770642,0.460176991150442,0.423728813559322,0.403669724770642,0,0.263157894736842,0.376237623762376,0.460176991150442,0.401960784313726,0.412280701754386,0.389830508474576,0.414414414414414,0.440366972477064,0.428571428571429,0.427272727272727,0.412280701754386,0.279279279279279,0.223076923076923,0.474137931034483,0.445454545454545,0.428571428571429,0.342105263157895,0.271929824561404,0.333333333333333,0.28099173553719,0.30952380952381,0.352941176470588,0.330508474576271,0.134831460674157,0.108695652173913,0.108695652173913,0.0833333333333333,0.0860215053763441,0.0967741935483871,0.106382978723404,0.126436781609195,0.108695652173913,0.0537634408602151,0.0833333333333333,0.108695652173913,0.0568181818181818
"4C7B",0.217391304347826,0.238636363636364,0.17948717948718,0.326732673267327,0.311926605504587,0.211864406779661,0.203389830508475,0.161290322580645,0.185840707964602,0.284403669724771,0.238938053097345,0.330275229357798,0.282051282051282,0.29,0.209090909090909,0.224299065420561,0.232758620689655,0.258620689655172,0.235849056603774,0.263157894736842,0,0.258064516129032,0.254385964912281,0.21,0.287037037037037,0.245614035087719,0.285714285714286,0.153846153846154,0.243243243243243,0.285714285714286,0.275229357798165,0.212121212121212,0.212389380530973,0.273504273504274,0.256880733944954,0.233333333333333,0.247619047619048,0.294736842105263,0.235294117647059,0.357142857142857,0.311926605504587,0.252252252252252,0.285714285714286,0.025974025974026,0.0526315789473684,0.0126582278481013,0.0379746835443038,0.0128205128205128,0.038961038961039,0.025,0.0133333333333333,0.038961038961039,0,0.0298507462686567,0.038961038961039,0.0142857142857143
"E063",0.336633663366337,0.238095238095238,0.343434343434343,0.433333333333333,0.422680412371134,0.339805825242718,0.234234234234234,0.418367346938776,0.482758620689655,0.35,0.436170212765957,0.333333333333333,0.380952380952381,0.252525252525253,0.422222222222222,0.465116279069767,0.5,0.46875,0.384615384615385,0.376237623762376,0.258064516129032,0,0.452631578947368,0.288888888888889,0.440860215053763,0.356435643564356,0.477272727272727,0.460674157303371,0.528735632183908,0.313131313131313,0.353535353535354,0.306818181818182,0.257142857142857,0.345794392523364,0.389473684210526,0.459183673469388,0.518072289156627,0.311111111111111,0.344444444444444,0.292929292929293,0.366336633663366,0.353535353535354,0.287128712871287,0.15625,0.209677419354839,0.136363636363636,0.132352941176471,0.104477611940299,0.119402985074627,0.115942028985507,0.145161290322581,0.209677419354839,0.109375,0.12280701754386,0.136363636363636,0.0819672131147541
"EC1A",0.463636363636364,0.3,0.445454545454545,0.435185185185185,0.426086956521739,0.451327433628319,0.304,0.473214285714286,0.448598130841121,0.319672131147541,0.412280701754386,0.349593495934959,0.390243902439024,0.351351351351351,0.439252336448598,0.490196078431373,0.532710280373832,0.439655172413793,0.407407407407407,0.460176991150442,0.254385964912281,0.452631578947368,0,0.352380952380952,0.428571428571429,0.495412844036697,0.457943925233645,0.514563106796116,0.558823529411765,0.380530973451327,0.367521367521368,0.27027027027027,0.284552845528455,0.382113821138211,0.436363636363636,0.432203389830508,0.475728155339806,0.309090909090909,0.289473684210526,0.241935483870968,0.355371900826446,0.34453781512605,0.368421052631579,0.123595505617978,0.147727272727273,0.134831460674157,0.10752688172043,0.136363636363636,0.122222222222222,0.0842105263157895,0.141176470588235,0.160919540229885,0.0898876404494382,0.0843373493975904,0.134831460674157,0.0697674418604651
"7C6F",0.336538461538462,0.384615384615385,0.304761904761905,0.33,0.279279279279279,0.352380952380952,0.293577981651376,0.375,0.278846153846154,0.299065420560748,0.336538461538462,0.384615384615385,0.295652173913043,0.254901960784314,0.306930693069307,0.34020618556701,0.378640776699029,0.318181818181818,0.354166666666667,0.401960784313726,0.21,0.288888888888889,0.352380952380952,0,0.289719626168224,0.317757009345794,0.288461538461538,0.353535353535354,0.356435643564356,0.300970873786408,0.314285714285714,0.337078651685393,0.271028037383178,0.345454545454545,0.271028037383178,0.278260869565217,0.262135922330097,0.28421052631579,0.225490196078431,0.189189189189189,0.302752293577982,0.314285714285714,0.288461538461538,0.012987012987013,0,0,0,0,0,0.0125,0.0135135135135135,0,0.0135135135135135,0,0,0
"A539",0.330508474576271,0.340425531914894,0.336206896551724,0.398148148148148,0.415929203539823,0.379310344827586,0.358974358974359,0.4,0.398148148148148,0.330508474576271,0.453703703703704,0.408695652173913,0.439655172413793,0.23728813559322,0.428571428571429,0.333333333333333,0.467889908256881,0.468468468468468,0.345454545454545,0.412280701754386,0.287037037037037,0.440860215053763,0.428571428571429,0.289719626168224,0,0.358974358974359,0.407407407407407,0.381818181818182,0.476190476190476,0.277310924369748,0.392857142857143,0.234234234234234,0.316239316239316,0.394957983193277,0.412844036697248,0.422413793103448,0.465346534653465,0.372549019607843,0.336448598130841,0.339285714285714,0.367521367521368,0.380530973451327,0.288135593220339,0.0909090909090909,0.127906976744186,0.102272727272727,0.125,0.129411764705882,0.102272727272727,0.125,0.120481927710843,0.141176470588235,0.0813953488372093,0.0886075949367089,0.102272727272727,0.1
"44BD",0.481481481481481,0.205607476635514,0.362068965517241,0.36283185840708,0.358333333333333,0.347107438016529,0.285714285714286,0.389830508474576,0.480769230769231,0.367521367521368,0.415929203539823,0.30952380952381,0.440677966101695,0.342342342342342,0.378378378378378,0.385321100917431,0.481818181818182,0.418803418803419,0.411214953271028,0.389830508474576,0.245614035087719,0.356435643564356,0.495412844036697,0.317757009345794,0.358974358974359,0,0.490384615384615,0.435185185185185,0.476635514018692,0.359649122807018,0.382608695652174,0.372549019607843,0.330508474576271,0.385245901639344,0.440366972477064,0.4,0.451923076923077,0.311926605504587,0.364485981308411,0.264462809917355,0.358333333333333,0.325,0.359649122807018,0.0879120879120879,0.111111111111111,0.0752688172043011,0.0967741935483871,0.0879120879120879,0.0869565217391304,0.0967741935483871,0.103448275862069,0.123595505617978,0.0549450549450549,0.072289156626506,0.111111111111111,0.0581395348837209
"DCCF",0.378378378378378,0.244897959183673,0.348214285714286,0.455445544554455,0.485714285714286,0.368421052631579,0.291666666666667,0.341880341880342,0.441176470588235,0.403669724770642,0.457142857142857,0.327731092436975,0.455357142857143,0.302752293577982,0.445544554455446,0.469387755102041,0.485714285714286,0.472222222222222,0.411764705882353,0.414414414414414,0.285714285714286,0.477272727272727,0.457943925233645,0.288461538461538,0.407407407407407,0.490384615384615,0,0.525773195876289,0.466019417475728,0.345454545454545,0.447619047619048,0.266666666666667,0.304347826086957,0.421052631578947,0.428571428571429,0.45045045045045,0.425742574257426,0.283018867924528,0.362745098039216,0.315315315315315,0.368421052631579,0.394495412844037,0.309734513274336,0.108433734939759,0.134146341463415,0.107142857142857,0.117647058823529,0.0952380952380952,0.107142857142857,0.117647058823529,0.126582278481013,0.134146341463415,0.072289156626506,0.0789473684210526,0.148148148148148,0.05
"D629",0.378378378378378,0.326086956521739,0.466019417475728,0.373831775700935,0.380530973451327,0.3,0.324786324786325,0.524271844660194,0.515463917525773,0.353982300884956,0.366071428571429,0.35042735042735,0.358333333333333,0.302752293577982,0.474747474747475,0.469387755102041,0.5,0.394736842105263,0.425742574257426,0.440366972477064,0.153846153846154,0.460674157303371,0.514563106796116,0.353535353535354,0.381818181818182,0.435185185185185,0.525773195876289,0,0.51,0.37037037037037,0.381818181818182,0.278846153846154,0.260504201680672,0.408695652173913,0.428571428571429,0.45045045045045,0.411764705882353,0.236363636363636,0.323809523809524,0.186991869918699,0.289256198347107,0.381818181818182,0.298245614035088,0.164556962025316,0.134146341463415,0.1625,0.104651162790698,0.108433734939759,0.107142857142857,0.117647058823529,0.1125,0.148148148148148,0.1125,0.0789473684210526,0.134146341463415,0.0632911392405063
"C5F2",0.356521739130435,0.329787234042553,0.452830188679245,0.442307692307692,0.358974358974359,0.472222222222222,0.305785123966942,0.467889908256881,0.485148514851485,0.333333333333333,0.457943925233645,0.376068376068376,0.469026548672566,0.294642857142857,0.392523364485981,0.5,0.5,0.514018691588785,0.373831775700935,0.428571428571429,0.243243243243243,0.528735632183908,0.558823529411765,0.356435643564356,0.476190476190476,0.476635514018692,0.466019417475728,0.51,0,0.348214285714286,0.383928571428571,0.346534653465347,0.275,0.460176991150442,0.514851485148515,0.464285714285714,0.5,0.230088495575221,0.352380952380952,0.231404958677686,0.407079646017699,0.409090909090909,0.324561403508772,0.17283950617284,0.185185185185185,0.170731707317073,0.126436781609195,0.144578313253012,0.116279069767442,0.113636363636364,0.135802469135802,0.2,0.121951219512195,0.103896103896104,0.156626506024096,0.0875
"5939",0.390909090909091,0.311827956989247,0.36036036036036,0.300884955752212,0.322033898305085,0.278688524590164,0.302521008403361,0.308333333333333,0.348623853211009,0.353982300884956,0.378378378378378,0.316666666666667,0.38135593220339,0.339622641509434,0.377358490566038,0.333333333333333,0.3,0.458715596330275,0.371428571428571,0.427272727272727,0.285714285714286,0.313131313131313,0.380530973451327,0.300970873786408,0.277310924369748,0.359649122807018,0.345454545454545,0.37037037037037,0.348214285714286,0,0.345132743362832,0.29126213592233,0.219512195121951,0.408695652173913,0.351351351351351,0.288,0.252173913043478,0.247706422018349,0.275229357798165,0.216666666666667,0.310924369747899,0.333333333333333,0.345454545454545,0.0574712643678161,0.0689655172413793,0.0568181818181818,0.043956043956044,0.0574712643678161,0.0568181818181818,0.0555555555555556,0.0595238095238095,0.0689655172413793,0.0348837209302326,0.0512820512820513,0.107142857142857,0.024390243902439
"255",0.341880341880342,0.340425531914894,0.371681415929204,0.372727272727273,0.403508771929825,0.379310344827586,0.325,0.424778761061947,0.398148148148148,0.481132075471698,0.353448275862069,0.433628318584071,0.415254237288136,0.315315315315315,0.339285714285714,0.37037037037037,0.333333333333333,0.358333333333333,0.357798165137615,0.412280701754386,0.275229357798165,0.353535353535354,0.367521367521368,0.314285714285714,0.392857142857143,0.382608695652174,0.447619047619048,0.381818181818182,0.383928571428571,0.345132743362832,0,0.330097087378641,0.36283185840708,0.495495495495495,0.339130434782609,0.375,0.345454545454545,0.4,0.401960784313726,0.31578947368421,0.441441441441441,0.322033898305085,0.277310924369748,0.0549450549450549,0.0898876404494382,0.0659340659340659,0.0531914893617021,0.0434782608695652,0.0898876404494382,0.0760869565217391,0.0568181818181818,0.0777777777777778,0.0333333333333333,0.048780487804878,0.0898876404494382,0.0232558139534884
"387",0.314285714285714,0.229885057471264,0.259259259259259,0.257142857142857,0.258928571428571,0.27027027027027,0.228070175438596,0.290909090909091,0.281553398058252,0.314285714285714,0.232142857142857,0.3,0.321428571428571,0.365591397849462,0.259615384615385,0.316326530612245,0.317757009345794,0.252173913043478,0.277227722772277,0.279279279279279,0.212121212121212,0.306818181818182,0.27027027027027,0.337078651685393,0.234234234234234,0.372549019607843,0.266666666666667,0.278846153846154,0.346534653465347,0.29126213592233,0.330097087378641,0,0.298076923076923,0.3125,0.238532110091743,0.292035398230089,0.252427184466019,0.273684210526316,0.319148936170213,0.247619047619048,0.342857142857143,0.280373831775701,0.29126213592233,0.1,0.0985915492957746,0.0540540540540541,0.038961038961039,0.0547945205479452,0.04,0.0666666666666667,0.104477611940299,0.0985915492957746,0.0571428571428571,0.046875,0.0833333333333333,0.0298507462686567
"418B",0.24,0.203883495145631,0.275,0.26271186440678,0.305785123966942,0.295081967213115,0.246031746031746,0.370689655172414,0.307017543859649,0.24,0.25,0.322314049586777,0.299212598425197,0.333333333333333,0.28695652173913,0.226890756302521,0.253968253968254,0.229007633587786,0.216666666666667,0.223076923076923,0.212389380530973,0.257142857142857,0.284552845528455,0.271028037383178,0.316239316239316,0.330508474576271,0.304347826086957,0.260504201680672,0.275,0.219512195121951,0.36283185840708,0.298076923076923,0,0.233082706766917,0.245901639344262,0.293650793650794,0.292035398230089,0.366336633663366,0.258928571428571,0.345454545454545,0.305785123966942,0.262295081967213,0.376146788990826,0.0681818181818182,0.0919540229885057,0.0674157303370786,0.0543478260869565,0.0804597701149425,0.0795454545454545,0.043010752688172,0.0705882352941176,0.0795454545454545,0.0833333333333333,0.037037037037037,0.0919540229885057,0.0117647058823529
"879F",0.31496062992126,0.333333333333333,0.41025641025641,0.424778761061947,0.428571428571429,0.36,0.3,0.401639344262295,0.387931034482759,0.452173913043478,0.403361344537815,0.457627118644068,0.439024390243902,0.333333333333333,0.34453781512605,0.44954128440367,0.370967741935484,0.441666666666667,0.423423423423423,0.474137931034483,0.273504273504274,0.345794392523364,0.382113821138211,0.345454545454545,0.394957983193277,0.385245901639344,0.421052631578947,0.408695652173913,0.460176991150442,0.408695652173913,0.495495495495495,0.3125,0.233082706766917,0,0.490909090909091,0.377952755905512,0.398230088495575,0.363636363636364,0.403669724770642,0.300813008130081,0.46551724137931,0.431034482758621,0.361344537815126,0.0927835051546392,0.0918367346938776,0.0808080808080808,0.0686274509803922,0.06,0.0808080808080808,0.135416666666667,0.0957446808510638,0.0918367346938776,0.0618556701030928,0.0549450549450549,0.114583333333333,0.0315789473684211
"AA3C",0.324786324786325,0.252525252525253,0.330434782608696,0.354545454545455,0.373913043478261,0.305785123966942,0.276422764227642,0.325,0.405660377358491,0.396396396396396,0.422018348623853,0.333333333333333,0.473214285714286,0.285714285714286,0.357798165137615,0.39047619047619,0.410714285714286,0.45045045045045,0.41747572815534,0.445454545454545,0.256880733944954,0.389473684210526,0.436363636363636,0.271028037383178,0.412844036697248,0.440366972477064,0.428571428571429,0.428571428571429,0.514851485148515,0.351351351351351,0.339130434782609,0.238532110091743,0.245901639344262,0.490909090909091,0,0.38135593220339,0.431372549019608,0.243243243243243,0.396039603960396,0.28695652173913,0.362068965517241,0.305084745762712,0.339285714285714,0.146341463414634,0.130952380952381,0.130952380952381,0.0898876404494382,0.105882352941176,0.130952380952381,0.141176470588235,0.1375,0.144578313253012,0.123456790123457,0.0769230769230769,0.117647058823529,0.0617283950617284
"4FE4",0.406779661016949,0.227272727272727,0.413793103448276,0.379310344827586,0.432203389830508,0.408333333333333,0.333333333333333,0.46551724137931,0.467889908256881,0.418803418803419,0.394957983193277,0.413223140495868,0.419354838709677,0.23015873015873,0.432432432432432,0.365217391304348,0.469565217391304,0.40983606557377,0.330508474576271,0.428571428571429,0.233333333333333,0.459183673469388,0.432203389830508,0.278260869565217,0.422413793103448,0.4,0.45045045045045,0.45045045045045,0.464285714285714,0.288,0.375,0.292035398230089,0.293650793650794,0.377952755905512,0.38135593220339,0,0.440366972477064,0.295652173913043,0.345132743362832,0.272,0.373983739837398,0.363636363636364,0.308943089430894,0.141304347826087,0.152173913043478,0.127659574468085,0.11340206185567,0.105263157894737,0.104166666666667,0.125,0.108695652173913,0.152173913043478,0.0967741935483871,0.0795454545454545,0.127659574468085,0.0659340659340659
"B8A2",0.330357142857143,0.25531914893617,0.386792452830189,0.415841584158416,0.357142857142857,0.381818181818182,0.237704918032787,0.416666666666667,0.588888888888889,0.354545454545455,0.49,0.316239316239316,0.458715596330275,0.221238938053097,0.434343434343434,0.4,0.490196078431373,0.476190476190476,0.346153846153846,0.342105263157895,0.247619047619048,0.518072289156627,0.475728155339806,0.262135922330097,0.465346534653465,0.451923076923077,0.425742574257426,0.411764705882353,0.5,0.252173913043478,0.345454545454545,0.252427184466019,0.292035398230089,0.398230088495575,0.431372549019608,0.440366972477064,0,0.333333333333333,0.336633663366337,0.245614035087719,0.357142857142857,0.333333333333333,0.309090909090909,0.1,0.126582278481013,0.126582278481013,0.1375,0.1,0.1125,0.1375,0.0897435897435897,0.141025641025641,0.0759493670886076,0.0540540540540541,0.1125,0.0666666666666667
"2D31",0.247787610619469,0.264367816091954,0.263636363636364,0.298076923076923,0.309090909090909,0.263157894736842,0.232758620689655,0.355140186915888,0.285714285714286,0.317757009345794,0.293577981651376,0.377358490566038,0.279661016949153,0.287128712871287,0.300970873786408,0.269230769230769,0.309090909090909,0.256410256410256,0.346938775510204,0.271929824561404,0.294736842105263,0.311111111111111,0.309090909090909,0.28421052631579,0.372549019607843,0.311926605504587,0.283018867924528,0.236363636363636,0.230088495575221,0.247706422018349,0.4,0.273684210526316,0.366336633663366,0.363636363636364,0.243243243243243,0.295652173913043,0.333333333333333,0,0.322916666666667,0.326732673267327,0.358490566037736,0.261261261261261,0.373737373737374,0.0256410256410256,0.0657894736842105,0.051948051948052,0.0375,0.038961038961039,0.0945945945945946,0.0375,0.0547945205479452,0.051948051948052,0.0131578947368421,0.0447761194029851,0.08,0.0140845070422535
"D4DC",0.263157894736842,0.269662921348315,0.256637168141593,0.30188679245283,0.361111111111111,0.267241379310345,0.258620689655172,0.28695652173913,0.339805825242718,0.411764705882353,0.333333333333333,0.342342342342342,0.339130434782609,0.316831683168317,0.330097087378641,0.310679611650485,0.300884955752212,0.351351351351351,0.35,0.333333333333333,0.235294117647059,0.344444444444444,0.289473684210526,0.225490196078431,0.336448598130841,0.364485981308411,0.362745098039216,0.323809523809524,0.352380952380952,0.275229357798165,0.401960784313726,0.319148936170213,0.258928571428571,0.403669724770642,0.396039603960396,0.345132743362832,0.336633663366337,0.322916666666667,0,0.330097087378641,0.373831775700935,0.3,0.311320754716981,0.0921052631578947,0.12,0.0909090909090909,0.048780487804878,0.0779220779220779,0.12,0.0886075949367089,0.111111111111111,0.105263157894737,0.0666666666666667,0.0895522388059701,0.135135135135135,0.0563380281690141
"8787",0.208,0.176470588235294,0.173228346456693,0.306306306306306,0.327586206896552,0.193798449612403,0.285714285714286,0.192307692307692,0.283185840707965,0.290598290598291,0.279661016949153,0.380530973451327,0.298387096774194,0.308411214953271,0.252173913043478,0.213675213675214,0.272727272727273,0.276422764227642,0.224137931034483,0.28099173553719,0.357142857142857,0.292929292929293,0.241935483870968,0.189189189189189,0.339285714285714,0.264462809917355,0.315315315315315,0.186991869918699,0.231404958677686,0.216666666666667,0.31578947368421,0.247619047619048,0.345454545454545,0.300813008130081,0.28695652173913,0.272,0.245614035087719,0.326732673267327,0.330097087378641,0,0.305084745762712,0.339285714285714,0.364485981308411,0.0975609756097561,0.123456790123457,0.0581395348837209,0.0941176470588235,0.0588235294117647,0.0833333333333333,0.0689655172413793,0.10126582278481,0.109756097560976,0.0235294117647059,0.0666666666666667,0.0963855421686747,0.0379746835443038
"AC37",0.298387096774194,0.262135922330097,0.31404958677686,0.347826086956522,0.378151260504202,0.366666666666667,0.2734375,0.398305084745763,0.336206896551724,0.387931034482759,0.330578512396694,0.394957983193277,0.425,0.363636363636364,0.305084745762712,0.407407407407407,0.366666666666667,0.368852459016393,0.381818181818182,0.30952380952381,0.311926605504587,0.366336633663366,0.355371900826446,0.302752293577982,0.367521367521368,0.358333333333333,0.368421052631579,0.289256198347107,0.407079646017699,0.310924369747899,0.441441441441441,0.342857142857143,0.305785123966942,0.46551724137931,0.362068965517241,0.373983739837398,0.357142857142857,0.358490566037736,0.373831775700935,0.305084745762712,0,0.428571428571429,0.322033898305085,0.0752688172043011,0.0978260869565217,0.0631578947368421,0.0510204081632653,0.0416666666666667,0.0860215053763441,0.0842105263157895,0.0898876404494382,0.0860215053763441,0.0319148936170213,0.0588235294117647,0.10989010989011,0.0337078651685393
"F429",0.353448275862069,0.26,0.336206896551724,0.336283185840708,0.333333333333333,0.34453781512605,0.347457627118644,0.364406779661017,0.324561403508772,0.341880341880342,0.365217391304348,0.361344537815126,0.452173913043478,0.327272727272727,0.401869158878505,0.450980392156863,0.379310344827586,0.429824561403509,0.309734513274336,0.352941176470588,0.252252252252252,0.353535353535354,0.34453781512605,0.314285714285714,0.380530973451327,0.325,0.394495412844037,0.381818181818182,0.409090909090909,0.333333333333333,0.322033898305085,0.280373831775701,0.262295081967213,0.431034482758621,0.305084745762712,0.363636363636364,0.333333333333333,0.261261261261261,0.3,0.339285714285714,0.428571428571429,0,0.333333333333333,0.142857142857143,0.114942528735632,0.0898876404494382,0.0760869565217391,0.0909090909090909,0.0659340659340659,0.0879120879120879,0.120481927710843,0.114942528735632,0.0568181818181818,0.075,0.114942528735632,0.0602409638554217
