"","24E9","4ECA","39ED","AC35","BF04","4FE4","29B2","076C","EC1A","D14D","7C6F","F44A","A539","44BD","DCCF","F377","D629","C5F2","AA3C","80F1","CB2B","255","A5EF","B75C","22B0","15BF","5939","41C1","879F","663E","377E","4C7B","E063","B8A2","A24D","2D31","1731","387","A312","82C7","D3E1","C809","3CC1","3C0F","5A31","AC37","9A5D","418B","8787","D4DC","F429"
"24E9",0,0.268817204301075,0.421052631578947,0.386666666666667,0.30379746835443,0.333333333333333,0.310344827586207,0.341176470588235,0.288461538461538,0.467532467532468,0.233333333333333,0.342105263157895,0.215909090909091,0.538461538461538,0.292134831460674,0.321428571428571,0.213483146067416,0.388235294117647,0.507462686567164,0.304878048780488,0.278481012658228,0.204545454545455,0.447368421052632,0.285714285714286,0.269662921348315,0.329113924050633,0.244444444444444,0.298701298701299,0.263736263736264,0.290697674418605,0.231578947368421,0.325581395348837,0.246575342465753,0.317647058823529,0.320987654320988,0.411764705882353,0.204081632653061,0.0175438596491228,0.0192307692307692,0.0163934426229508,0.0163934426229508,0.0161290322580645,0.0158730158730159,0.0172413793103448,0,0,0,0,0,0,0
"4ECA",0.268817204301075,0,0.3125,0.311827956989247,0.287234042553192,0.311827956989247,0.375,0.32,0.420560747663551,0.378947368421053,0.357894736842105,0.25,0.262626262626263,0.268817204301075,0.49438202247191,0.402173913043478,0.384615384615385,0.478260869565217,0.252631578947368,0.262626262626263,0.322222222222222,0.333333333333333,0.230769230769231,0.125,0.350515463917526,0.28125,0.41304347826087,0.311111111111111,0.357142857142857,0.316326530612245,0.40625,0.306930693069307,0.282352941176471,0.25,0.237623762376238,0.225806451612903,0.373737373737374,0.0704225352112676,0.0142857142857143,0.0958904109589041,0.0666666666666667,0.125,0.108108108108108,0.0694444444444444,0.0136986301369863,0.051948051948052,0.0694444444444444,0.0666666666666667,0.0985915492957746,0.0972222222222222,0.0563380281690141
"39ED",0.421052631578947,0.3125,0,0.454545454545455,0.460526315789474,0.4,0.311827956989247,0.355555555555556,0.314814814814815,0.423529411764706,0.307692307692308,0.341463414634146,0.236559139784946,0.47945205479452,0.351648351648352,0.4,0.333333333333333,0.384615384615385,0.3625,0.402439024390244,0.3625,0.1875,0.296703296703297,0.236111111111111,0.287234042553192,0.345238095238095,0.276595744680851,0.301204819277108,0.32258064516129,0.4,0.329787234042553,0.48780487804878,0.302631578947368,0.348314606741573,0.25,0.316455696202532,0.26,0.0476190476190476,0.0338983050847458,0.0447761194029851,0.0294117647058824,0.0289855072463768,0.0434782608695652,0,0,0,0.0151515151515152,0,0.0149253731343284,0.0147058823529412,0
"AC35",0.386666666666667,0.311827956989247,0.454545454545455,0,0.407894736842105,0.367088607594937,0.404761904761905,0.325842696629214,0.314285714285714,0.376470588235294,0.306818181818182,0.27710843373494,0.193548387096774,0.405405405405405,0.337078651685393,0.419753086419753,0.272727272727273,0.370786516853933,0.438356164383562,0.321428571428571,0.329113924050633,0.208791208791209,0.341176470588235,0.25,0.24468085106383,0.282352941176471,0.247311827956989,0.405405405405405,0.352272727272727,0.337209302325581,0.301075268817204,0.421686746987952,0.233766233766234,0.288888888888889,0.321428571428571,0.282051282051282,0.270833333333333,0.0163934426229508,0.0178571428571429,0.03125,0.0476190476190476,0.0307692307692308,0.0303030303030303,0.0161290322580645,0,0,0,0,0,0,0
"BF04",0.30379746835443,0.287234042553192,0.460526315789474,0.407894736842105,0,0.371794871794872,0.409638554216867,0.376470588235294,0.383838383838384,0.380952380952381,0.390243902439024,0.280487804878049,0.208791208791209,0.373333333333333,0.388235294117647,0.390243902439024,0.321428571428571,0.390804597701149,0.3,0.392405063291139,0.368421052631579,0.282352941176471,0.269662921348315,0.183098591549296,0.348837209302326,0.367088607594937,0.369047619047619,0.410958904109589,0.372093023255814,0.407407407407407,0.395348837209302,0.481012658227848,0.36231884057971,0.277777777777778,0.222222222222222,0.207317073170732,0.344444444444444,0.0338983050847458,0.037037037037037,0.0317460317460317,0.0317460317460317,0.0153846153846154,0.0307692307692308,0,0,0,0,0,0,0,0
"4FE4",0.333333333333333,0.311827956989247,0.4,0.367088607594937,0.371794871794872,0,0.45679012345679,0.439024390243902,0.339805825242718,0.344827586206897,0.369047619047619,0.325,0.305882352941176,0.350649350649351,0.322222222222222,0.385542168674699,0.333333333333333,0.355555555555556,0.280487804878049,0.353658536585366,0.329113924050633,0.294117647058824,0.310344827586207,0.197183098591549,0.285714285714286,0.345679012345679,0.274725274725275,0.368421052631579,0.4,0.402439024390244,0.375,0.404761904761905,0.25,0.208333333333333,0.233333333333333,0.25,0.184466019417476,0,0.0178571428571429,0,0.0153846153846154,0,0,0.0327868852459016,0,0.0151515151515152,0,0.0153846153846154,0.0158730158730159,0,0
"29B2",0.310344827586207,0.375,0.311827956989247,0.404761904761905,0.409638554216867,0.45679012345679,0,0.376344086021505,0.494949494949495,0.351063829787234,0.404494382022472,0.303370786516854,0.32967032967033,0.390243902439024,0.433333333333333,0.388888888888889,0.435294117647059,0.404255319148936,0.263736263736264,0.32967032967033,0.25,0.333333333333333,0.305263157894737,0.130952380952381,0.295918367346939,0.383720930232558,0.384615384615385,0.390243902439024,0.433333333333333,0.358695652173913,0.423913043478261,0.454545454545455,0.3125,0.211538461538462,0.287234042553192,0.208791208791209,0.389473684210526,0.0434782608695652,0.0307692307692308,0.0555555555555556,0.0410958904109589,0.0547945205479452,0.0540540540540541,0.0735294117647059,0.0294117647058824,0.0547945205479452,0.0138888888888889,0.0704225352112676,0.0422535211267606,0.0273972602739726,0.0289855072463768
"076C",0.341176470588235,0.32,0.355555555555556,0.325842696629214,0.376470588235294,0.439024390243902,0.376344086021505,0,0.450980392156863,0.395604395604396,0.358695652173913,0.380952380952381,0.315217391304348,0.280898876404494,0.387096774193548,0.404494382022472,0.355555555555556,0.375,0.306818181818182,0.44047619047619,0.352941176470588,0.333333333333333,0.319148936170213,0.17283950617284,0.395604395604396,0.322222222222222,0.384615384615385,0.341176470588235,0.372340425531915,0.404494382022472,0.378947368421053,0.361702127659574,0.265060240963855,0.272727272727273,0.273684210526316,0.294117647058824,0.269230769230769,0.0588235294117647,0.0307692307692308,0.0704225352112676,0.0410958904109589,0.0694444444444444,0.0833333333333333,0.0138888888888889,0.0294117647058824,0.0405405405405405,0.0735294117647059,0.0410958904109589,0.0277777777777778,0.0714285714285714,0.0289855072463768
"EC1A",0.288461538461538,0.420560747663551,0.314814814814815,0.314285714285714,0.383838383838384,0.339805825242718,0.494949494949495,0.450980392156863,0,0.324324324324324,0.42156862745098,0.295238095238095,0.258928571428571,0.276190476190476,0.475247524752475,0.380952380952381,0.405940594059406,0.433962264150943,0.261682242990654,0.281818181818182,0.261682242990654,0.320754716981132,0.333333333333333,0.0952380952380952,0.348623853211009,0.362745098039216,0.46,0.353535353535354,0.37962962962963,0.342592592592593,0.480392156862745,0.48,0.275510204081633,0.280701754385965,0.317757009345794,0.150442477876106,0.407407407407407,0.0697674418604651,0.0235294117647059,0.116279069767442,0.129411764705882,0.127906976744186,0.126436781609195,0.0568181818181818,0.0344827586206897,0.0777777777777778,0.0813953488372093,0.0909090909090909,0.0561797752808989,0.117647058823529,0.0833333333333333
"D14D",0.467532467532468,0.378947368421053,0.423529411764706,0.376470588235294,0.380952380952381,0.344827586206897,0.351063829787234,0.395604395604396,0.324324324324324,0,0.305263157894737,0.277777777777778,0.25,0.4125,0.361702127659574,0.425287356321839,0.344444444444444,0.350515463917526,0.407407407407407,0.428571428571429,0.295454545454545,0.239583333333333,0.33695652173913,0.253333333333333,0.272727272727273,0.268817204301075,0.302083333333333,0.313953488372093,0.254901960784314,0.393258426966292,0.34020618556701,0.351063829787234,0.283950617283951,0.358695652173913,0.333333333333333,0.238636363636364,0.212962962962963,0.0142857142857143,0.03125,0.0135135135135135,0.0135135135135135,0.0410958904109589,0.0266666666666667,0.0285714285714286,0,0.0410958904109589,0.0285714285714286,0.0135135135135135,0.028169014084507,0.0277777777777778,0
"7C6F",0.233333333333333,0.357894736842105,0.307692307692308,0.306818181818182,0.390243902439024,0.369047619047619,0.404494382022472,0.358695652173913,0.42156862745098,0.305263157894737,0,0.345238095238095,0.35632183908046,0.261363636363636,0.384615384615385,0.297872340425532,0.383720930232558,0.357894736842105,0.204301075268817,0.311111111111111,0.382716049382716,0.36046511627907,0.315217391304348,0.135802469135802,0.305263157894737,0.333333333333333,0.430232558139535,0.321428571428571,0.298969072164948,0.452380952380952,0.505882352941176,0.373626373626374,0.307692307692308,0.23,0.25531914893617,0.229885057471264,0.417582417582418,0.0454545454545455,0.0158730158730159,0.0735294117647059,0.0735294117647059,0.072463768115942,0.0869565217391304,0.0447761194029851,0,0.0136986301369863,0.0447761194029851,0.0138888888888889,0.0441176470588235,0.0588235294117647,0.0303030303030303
"F44A",0.342105263157895,0.25,0.341463414634146,0.27710843373494,0.280487804878049,0.325,0.303370786516854,0.380952380952381,0.295238095238095,0.277777777777778,0.345238095238095,0,0.345679012345679,0.342105263157895,0.344827586206897,0.313953488372093,0.222222222222222,0.304347826086957,0.211764705882353,0.238636363636364,0.2875,0.333333333333333,0.272727272727273,0.202898550724638,0.306818181818182,0.371794871794872,0.310344827586207,0.24390243902439,0.285714285714286,0.329411764705882,0.322222222222222,0.303370786516854,0.273972602739726,0.1875,0.197802197802198,0.380281690140845,0.276595744680851,0.0169491525423729,0,0.0158730158730159,0,0.015625,0.0153846153846154,0.0338983050847458,0.0175438596491228,0.015625,0.0166666666666667,0.032258064516129,0.0163934426229508,0.0161290322580645,0.0172413793103448
"A539",0.215909090909091,0.262626262626263,0.236559139784946,0.193548387096774,0.208791208791209,0.305882352941176,0.32967032967033,0.315217391304348,0.258928571428571,0.25,0.35632183908046,0.345679012345679,0,0.188888888888889,0.340659340659341,0.282608695652174,0.337209302325581,0.302083333333333,0.227272727272727,0.239130434782609,0.270588235294118,0.313953488372093,0.314606741573034,0.189189189189189,0.276595744680851,0.244444444444444,0.322222222222222,0.215909090909091,0.232323232323232,0.35632183908046,0.393258426966292,0.301075268817204,0.272727272727273,0.279569892473118,0.266666666666667,0.337662337662338,0.302083333333333,0.0483870967741935,0.0169491525423729,0.0615384615384615,0.0298507462686567,0.0447761194029851,0.0597014925373134,0.0645161290322581,0.0161290322580645,0.0294117647058824,0.0476190476190476,0.0615384615384615,0.0634920634920635,0.0625,0.0158730158730159
"44BD",0.538461538461538,0.268817204301075,0.47945205479452,0.405405405405405,0.373333333333333,0.350649350649351,0.390243902439024,0.280898876404494,0.276190476190476,0.4125,0.261363636363636,0.342105263157895,0.188888888888889,0,0.337209302325581,0.3875,0.270588235294118,0.35632183908046,0.328947368421053,0.273809523809524,0.278481012658228,0.261904761904762,0.392405063291139,0.327868852459016,0.241758241758242,0.438356164383562,0.272727272727273,0.31578947368421,0.369047619047619,0.275862068965517,0.285714285714286,0.373493975903614,0.246575342465753,0.28735632183908,0.273809523809524,0.333333333333333,0.204081632653061,0.0175438596491228,0.0192307692307692,0.0163934426229508,0.0163934426229508,0.0161290322580645,0.0158730158730159,0,0,0,0,0,0,0,0
"DCCF",0.292134831460674,0.49438202247191,0.351648351648352,0.337078651685393,0.388235294117647,0.322222222222222,0.433333333333333,0.387096774193548,0.475247524752475,0.361702127659574,0.384615384615385,0.344827586206897,0.340659340659341,0.337209302325581,0,0.369565217391304,0.430232558139535,0.528735632183908,0.234042553191489,0.355555555555556,0.348837209302326,0.375,0.262626262626263,0.0786516853932584,0.242718446601942,0.276595744680851,0.459770114942529,0.292134831460674,0.34020618556701,0.384615384615385,0.5,0.387096774193548,0.325,0.282828282828283,0.297872340425532,0.247191011235955,0.385416666666667,0.0895522388059701,0.0303030303030303,0.1,0.0845070422535211,0.130434782608696,0.128571428571429,0.0571428571428571,0.0441176470588235,0.0985915492957746,0.0882352941176471,0.0845070422535211,0.102941176470588,0.101449275362319,0.0588235294117647
"F377",0.321428571428571,0.402173913043478,0.4,0.419753086419753,0.390243902439024,0.385542168674699,0.388888888888889,0.404494382022472,0.380952380952381,0.425287356321839,0.297872340425532,0.313953488372093,0.282608695652174,0.3875,0.369565217391304,0,0.322222222222222,0.387096774193548,0.365853658536585,0.311111111111111,0.349397590361446,0.392857142857143,0.344444444444444,0.26027397260274,0.362637362637363,0.380952380952381,0.308510638297872,0.423076923076923,0.415730337078652,0.386363636363636,0.361702127659574,0.358695652173913,0.291139240506329,0.268041237113402,0.372093023255814,0.304878048780488,0.264705882352941,0.0454545454545455,0,0.0579710144927536,0.0428571428571429,0.0571428571428571,0.0714285714285714,0,0,0.0136986301369863,0.0447761194029851,0.028169014084507,0.0441176470588235,0.0746268656716418,0.0149253731343284
"D629",0.213483146067416,0.384615384615385,0.333333333333333,0.272727272727273,0.321428571428571,0.333333333333333,0.435294117647059,0.355555555555556,0.405940594059406,0.344444444444444,0.383720930232558,0.222222222222222,0.337209302325581,0.270588235294118,0.430232558139535,0.322222222222222,0,0.369565217391304,0.238636363636364,0.306818181818182,0.224719101123595,0.357142857142857,0.229166666666667,0.0987654320987654,0.23469387755102,0.255555555555556,0.44578313253012,0.333333333333333,0.308510638297872,0.352272727272727,0.506024096385542,0.418604651162791,0.285714285714286,0.304347826086957,0.236559139784946,0.223529411764706,0.369565217391304,0.0819672131147541,0.0166666666666667,0.09375,0.0447761194029851,0.109375,0.107692307692308,0.046875,0,0.0597014925373134,0.0983606557377049,0.0769230769230769,0.0793650793650794,0.131147540983607,0.0483870967741935
"C5F2",0.388235294117647,0.478260869565217,0.384615384615385,0.370786516853933,0.390804597701149,0.355555555555556,0.404255319148936,0.375,0.433962264150943,0.350515463917526,0.357894736842105,0.304347826086957,0.302083333333333,0.35632183908046,0.528735632183908,0.387096774193548,0.369565217391304,0,0.265957446808511,0.31578947368421,0.337078651685393,0.305263157894737,0.361702127659574,0.151162790697674,0.378947368421053,0.366666666666667,0.477272727272727,0.340909090909091,0.33,0.417582417582418,0.35,0.389473684210526,0.297619047619048,0.262135922330097,0.288659793814433,0.252747252747253,0.307692307692308,0.0704225352112676,0.0441176470588235,0.0958904109589041,0.0666666666666667,0.125,0.123287671232877,0.0405405405405405,0,0.0657894736842105,0.0845070422535211,0.0526315789473684,0.0833333333333333,0.0972222222222222,0.0563380281690141
"AA3C",0.507462686567164,0.252631578947368,0.3625,0.438356164383562,0.3,0.280487804878049,0.263736263736264,0.306818181818182,0.261682242990654,0.407407407407407,0.204301075268817,0.211764705882353,0.227272727272727,0.328947368421053,0.234042553191489,0.365853658536585,0.238636363636364,0.265957446808511,0,0.301204819277108,0.291139240506329,0.175824175824176,0.40506329113924,0.344262295081967,0.2,0.218390804597701,0.189473684210526,0.383561643835616,0.260869565217391,0.258426966292135,0.242105263157895,0.32183908045977,0.210526315789474,0.378048780487805,0.35,0.347222222222222,0.202020202020202,0.0172413793103448,0,0.0327868852459016,0.05,0.0158730158730159,0.0317460317460317,0.0169491525423729,0,0,0.0169491525423729,0.0161290322580645,0.0166666666666667,0.0333333333333333,0
"80F1",0.304878048780488,0.262626262626263,0.402439024390244,0.321428571428571,0.392405063291139,0.353658536585366,0.32967032967033,0.44047619047619,0.281818181818182,0.428571428571429,0.311111111111111,0.238636363636364,0.239130434782609,0.273809523809524,0.355555555555556,0.311111111111111,0.306818181818182,0.31578947368421,0.301204819277108,0,0.367088607594937,0.269662921348315,0.258064516129032,0.205479452054795,0.2,0.28735632183908,0.307692307692308,0.244186046511628,0.257731958762887,0.296703296703297,0.362637362637363,0.315217391304348,0.180722891566265,0.239583333333333,0.280898876404494,0.226190476190476,0.288659793814433,0.0317460317460317,0.0344827586206897,0.0298507462686567,0.0298507462686567,0.0447761194029851,0.0597014925373134,0,0.0161290322580645,0.0606060606060606,0.0476190476190476,0.0147058823529412,0.0307692307692308,0.0303030303030303,0
"CB2B",0.278481012658228,0.322222222222222,0.3625,0.329113924050633,0.368421052631579,0.329113924050633,0.25,0.352941176470588,0.261682242990654,0.295454545454545,0.382716049382716,0.2875,0.270588235294118,0.278481012658228,0.348837209302326,0.349397590361446,0.224719101123595,0.337078651685393,0.291139240506329,0.367088607594937,0,0.215909090909091,0.321428571428571,0.171428571428571,0.295454545454545,0.232558139534884,0.241758241758242,0.328947368421053,0.318181818181818,0.382716049382716,0.311111111111111,0.337209302325581,0.277777777777778,0.284090909090909,0.285714285714286,0.347222222222222,0.265957446808511,0.0172413793103448,0.0188679245283019,0.0161290322580645,0.0327868852459016,0.032258064516129,0.0317460317460317,0,0,0,0.0169491525423729,0,0.0338983050847458,0.0163934426229508,0
"255",0.204545454545455,0.333333333333333,0.1875,0.208791208791209,0.282352941176471,0.294117647058824,0.333333333333333,0.333333333333333,0.320754716981132,0.239583333333333,0.36046511627907,0.333333333333333,0.313953488372093,0.261904761904762,0.375,0.392857142857143,0.357142857142857,0.305263157894737,0.175824175824176,0.269662921348315,0.215909090909091,0,0.247311827956989,0.12987012987013,0.22680412371134,0.337349397590361,0.475,0.308641975308642,0.375,0.3,0.32258064516129,0.290322580645161,0.293333333333333,0.156862745098039,0.202127659574468,0.259259259259259,0.305263157894737,0.032258064516129,0,0.0625,0.0625,0.0454545454545455,0.09375,0.015625,0.0508474576271186,0.078125,0.0483870967741935,0.0793650793650794,0.0819672131147541,0.0806451612903226,0.0327868852459016
"A5EF",0.447368421052632,0.230769230769231,0.296703296703297,0.341176470588235,0.269662921348315,0.310344827586207,0.305263157894737,0.319148936170213,0.333333333333333,0.33695652173913,0.315217391304348,0.272727272727273,0.314606741573034,0.392405063291139,0.262626262626263,0.344444444444444,0.229166666666667,0.361702127659574,0.40506329113924,0.258064516129032,0.321428571428571,0.247311827956989,0,0.3,0.268041237113402,0.369047619047619,0.244897959183673,0.325301204819277,0.262626262626263,0.287234042553192,0.309278350515464,0.362637362637363,0.231707317073171,0.355555555555556,0.4625,0.292682926829268,0.196261682242991,0.0303030303030303,0.0327868852459016,0.0434782608695652,0.0746268656716418,0.0579710144927536,0.0571428571428571,0.0147058823529412,0,0.0138888888888889,0.0298507462686567,0.0285714285714286,0.0606060606060606,0.0441176470588235,0
"B75C",0.285714285714286,0.125,0.236111111111111,0.25,0.183098591549296,0.197183098591549,0.130952380952381,0.17283950617284,0.0952380952380952,0.253333333333333,0.135802469135802,0.202898550724638,0.189189189189189,0.327868852459016,0.0786516853932584,0.26027397260274,0.0987654320987654,0.151162790697674,0.344262295081967,0.205479452054795,0.171428571428571,0.12987012987013,0.3,0,0.205128205128205,0.303030303030303,0.148148148148148,0.191176470588235,0.170731707317073,0.194805194805195,0.126436781609195,0.17283950617284,0.161290322580645,0.273972602739726,0.257142857142857,0.283333333333333,0.1,0,0,0,0,0,0,0,0,0,0,0,0,0,0
"22B0",0.269662921348315,0.350515463917526,0.287234042553192,0.24468085106383,0.348837209302326,0.285714285714286,0.295918367346939,0.395604395604396,0.348623853211009,0.272727272727273,0.305263157894737,0.306818181818182,0.276595744680851,0.241758241758242,0.242718446601942,0.362637362637363,0.23469387755102,0.378947368421053,0.2,0.2,0.295454545454545,0.22680412371134,0.268041237113402,0.205128205128205,0,0.372093023255814,0.329787234042553,0.345238095238095,0.376344086021505,0.347826086956522,0.326530612244898,0.322916666666667,0.316455696202532,0.25,0.2,0.252873563218391,0.259615384615385,0.0289855072463768,0.0153846153846154,0.0273972602739726,0,0.027027027027027,0.0266666666666667,0.0285714285714286,0.0298507462686567,0.0410958904109589,0.0434782608695652,0.0416666666666667,0.028169014084507,0.0277777777777778,0.0144927536231884
"15BF",0.329113924050633,0.28125,0.345238095238095,0.282352941176471,0.367088607594937,0.345679012345679,0.383720930232558,0.322222222222222,0.362745098039216,0.268817204301075,0.333333333333333,0.371794871794872,0.244444444444444,0.438356164383562,0.276595744680851,0.380952380952381,0.255555555555556,0.366666666666667,0.218390804597701,0.28735632183908,0.232558139534884,0.337349397590361,0.369047619047619,0.303030303030303,0.372093023255814,0,0.426829268292683,0.381578947368421,0.333333333333333,0.318181818181818,0.355555555555556,0.367816091954023,0.28,0.21875,0.272727272727273,0.231707317073171,0.308510638297872,0.0327868852459016,0.0357142857142857,0.0307692307692308,0.0307692307692308,0.0149253731343284,0.0298507462686567,0,0,0,0,0,0,0,0
"5939",0.244444444444444,0.41304347826087,0.276595744680851,0.247311827956989,0.369047619047619,0.274725274725275,0.384615384615385,0.384615384615385,0.46,0.302083333333333,0.430232558139535,0.310344827586207,0.322222222222222,0.272727272727273,0.459770114942529,0.308510638297872,0.44578313253012,0.477272727272727,0.189473684210526,0.307692307692308,0.241758241758242,0.475,0.244897959183673,0.148148148148148,0.329787234042553,0.426829268292683,0,0.333333333333333,0.309278350515464,0.366666666666667,0.482758620689655,0.448275862068966,0.2875,0.278350515463918,0.239583333333333,0.241379310344828,0.444444444444444,0.111111111111111,0.0317460317460317,0.138461538461538,0.121212121212121,0.0869565217391304,0.151515151515152,0.0441176470588235,0,0.0416666666666667,0.0757575757575758,0.0882352941176471,0.0434782608695652,0.123076923076923,0.078125
"41C1",0.298701298701299,0.311111111111111,0.301204819277108,0.405405405405405,0.410958904109589,0.368421052631579,0.390243902439024,0.341176470588235,0.353535353535354,0.313953488372093,0.321428571428571,0.24390243902439,0.215909090909091,0.31578947368421,0.292134831460674,0.423076923076923,0.333333333333333,0.340909090909091,0.383561643835616,0.244186046511628,0.328947368421053,0.308641975308642,0.325301204819277,0.191176470588235,0.345238095238095,0.381578947368421,0.333333333333333,0,0.385542168674699,0.460526315789474,0.329545454545455,0.461538461538462,0.3,0.258426966292135,0.289156626506024,0.315068493150685,0.296703296703297,0.0357142857142857,0.0192307692307692,0.0333333333333333,0.0163934426229508,0.0327868852459016,0.032258064516129,0,0,0,0.0172413793103448,0,0.0169491525423729,0.0166666666666667,0
"879F",0.263736263736264,0.357142857142857,0.32258064516129,0.352272727272727,0.372093023255814,0.4,0.433333333333333,0.372340425531915,0.37962962962963,0.254901960784314,0.298969072164948,0.285714285714286,0.232323232323232,0.369047619047619,0.34020618556701,0.415730337078652,0.308510638297872,0.33,0.260869565217391,0.257731958762887,0.318181818181818,0.375,0.262626262626263,0.170731707317073,0.376344086021505,0.333333333333333,0.309278350515464,0.385542168674699,0,0.354838709677419,0.375,0.402173913043478,0.325,0.257425742574257,0.232323232323232,0.321428571428571,0.303921568627451,0.0428571428571429,0.0303030303030303,0.0547945205479452,0.0266666666666667,0.04,0.0394736842105263,0.072463768115942,0.0757575757575758,0.0833333333333333,0.0422535211267606,0.1,0.0869565217391304,0.0410958904109589,0.0285714285714286
"663E",0.290697674418605,0.316326530612245,0.4,0.337209302325581,0.407407407407407,0.402439024390244,0.358695652173913,0.404494382022472,0.342592592592593,0.393258426966292,0.452380952380952,0.329411764705882,0.35632183908046,0.275862068965517,0.384615384615385,0.386363636363636,0.352272727272727,0.417582417582418,0.258426966292135,0.296703296703297,0.382716049382716,0.3,0.287234042553192,0.194805194805195,0.347826086956522,0.318181818181818,0.366666666666667,0.460526315789474,0.354838709677419,0,0.391304347826087,0.453488372093023,0.342105263157895,0.366666666666667,0.311111111111111,0.273809523809524,0.303030303030303,0.0454545454545455,0.0491803278688525,0.0428571428571429,0.028169014084507,0.0277777777777778,0.0416666666666667,0.0294117647058824,0.0151515151515152,0.0277777777777778,0.0144927536231884,0.028169014084507,0.0441176470588235,0.0140845070422535,0
"377E",0.231578947368421,0.40625,0.329787234042553,0.301075268817204,0.395348837209302,0.375,0.423913043478261,0.378947368421053,0.480392156862745,0.34020618556701,0.505882352941176,0.322222222222222,0.393258426966292,0.285714285714286,0.5,0.361702127659574,0.506024096385542,0.35,0.242105263157895,0.362637362637363,0.311111111111111,0.32258064516129,0.309278350515464,0.126436781609195,0.326530612244898,0.355555555555556,0.482758620689655,0.329545454545455,0.375,0.391304347826087,0,0.523255813953488,0.402597402597403,0.372340425531915,0.278350515463918,0.241758241758242,0.5,0.0714285714285714,0.0447761194029851,0.0972222222222222,0.112676056338028,0.0958904109589041,0.10958904109589,0.0704225352112676,0,0.038961038961039,0.0704225352112676,0.0533333333333333,0.0694444444444444,0.0985915492957746,0.0571428571428571
"4C7B",0.325581395348837,0.306930693069307,0.48780487804878,0.421686746987952,0.481012658227848,0.404761904761905,0.454545454545455,0.361702127659574,0.48,0.351063829787234,0.373626373626374,0.303370786516854,0.301075268817204,0.373493975903614,0.387096774193548,0.358695652173913,0.418604651162791,0.389473684210526,0.32183908045977,0.315217391304348,0.337209302325581,0.290322580645161,0.362637362637363,0.17283950617284,0.322916666666667,0.367816091954023,0.448275862068966,0.461538461538462,0.402173913043478,0.453488372093023,0.523255813953488,0,0.346153846153846,0.369565217391304,0.273684210526316,0.235955056179775,0.389473684210526,0.0434782608695652,0.046875,0.0555555555555556,0.0857142857142857,0.0266666666666667,0.0833333333333333,0.0428571428571429,0.0144927536231884,0.0405405405405405,0.0428571428571429,0.0555555555555556,0.0422535211267606,0.0563380281690141,0.0289855072463768
"E063",0.246575342465753,0.282352941176471,0.302631578947368,0.233766233766234,0.36231884057971,0.25,0.3125,0.265060240963855,0.275510204081633,0.283950617283951,0.307692307692308,0.273972602739726,0.272727272727273,0.246575342465753,0.325,0.291139240506329,0.285714285714286,0.297619047619048,0.210526315789474,0.180722891566265,0.277777777777778,0.293333333333333,0.231707317073171,0.161290322580645,0.316455696202532,0.28,0.2875,0.3,0.325,0.342105263157895,0.402597402597403,0.346153846153846,0,0.2875,0.113636363636364,0.225352112676056,0.282352941176471,0.0208333333333333,0.0476190476190476,0.0192307692307692,0.0192307692307692,0,0.0185185185185185,0.0204081632653061,0,0.0188679245283019,0,0.0192307692307692,0.02,0,0
"B8A2",0.317647058823529,0.25,0.348314606741573,0.288888888888889,0.277777777777778,0.208333333333333,0.211538461538462,0.272727272727273,0.280701754385965,0.358695652173913,0.23,0.1875,0.279569892473118,0.28735632183908,0.282828282828283,0.268041237113402,0.304347826086957,0.262135922330097,0.378048780487805,0.239583333333333,0.284090909090909,0.156862745098039,0.355555555555556,0.273972602739726,0.25,0.21875,0.278350515463918,0.258426966292135,0.257425742574257,0.366666666666667,0.372340425531915,0.369565217391304,0.2875,0,0.322222222222222,0.270588235294118,0.313131313131313,0.09375,0.0483870967741935,0.121212121212121,0.138461538461538,0.0714285714285714,0.117647058823529,0.0597014925373134,0,0.0563380281690141,0.0597014925373134,0.0882352941176471,0.0434782608695652,0.106060606060606,0.078125
"A24D",0.320987654320988,0.237623762376238,0.25,0.321428571428571,0.222222222222222,0.233333333333333,0.287234042553192,0.273684210526316,0.317757009345794,0.333333333333333,0.25531914893617,0.197802197802198,0.266666666666667,0.273809523809524,0.297872340425532,0.372093023255814,0.236559139784946,0.288659793814433,0.35,0.280898876404494,0.285714285714286,0.202127659574468,0.4625,0.257142857142857,0.2,0.272727272727273,0.239583333333333,0.289156626506024,0.232323232323232,0.311111111111111,0.278350515463918,0.273684210526316,0.113636363636364,0.322222222222222,0,0.2875,0.25,0.0655737704918033,0,0.0615384615384615,0.0454545454545455,0.0769230769230769,0.0923076923076923,0.0819672131147541,0.0327868852459016,0.09375,0.1,0.078125,0.0634920634920635,0.114754098360656,0.0666666666666667
"2D31",0.411764705882353,0.225806451612903,0.316455696202532,0.282051282051282,0.207317073170732,0.25,0.208791208791209,0.294117647058824,0.150442477876106,0.238636363636364,0.229885057471264,0.380281690140845,0.337662337662338,0.333333333333333,0.247191011235955,0.304878048780488,0.223529411764706,0.252747252747253,0.347222222222222,0.226190476190476,0.347222222222222,0.259259259259259,0.292682926829268,0.283333333333333,0.252873563218391,0.231707317073171,0.241379310344828,0.315068493150685,0.321428571428571,0.273809523809524,0.241758241758242,0.235955056179775,0.225352112676056,0.270588235294118,0.2875,0,0.225806451612903,0.0384615384615385,0,0.0357142857142857,0,0.0350877192982456,0.0344827586206897,0.0377358490566038,0,0,0.0377358490566038,0.0175438596491228,0.0181818181818182,0.0363636363636364,0.0192307692307692
"1731",0.204081632653061,0.373737373737374,0.26,0.270833333333333,0.344444444444444,0.184466019417476,0.389473684210526,0.269230769230769,0.407407407407407,0.212962962962963,0.417582417582418,0.276595744680851,0.302083333333333,0.204081632653061,0.385416666666667,0.264705882352941,0.369565217391304,0.307692307692308,0.202020202020202,0.288659793814433,0.265957446808511,0.305263157894737,0.196261682242991,0.1,0.259615384615385,0.308510638297872,0.444444444444444,0.296703296703297,0.303921568627451,0.303030303030303,0.5,0.389473684210526,0.282352941176471,0.313131313131313,0.25,0.225806451612903,0,0.117647058823529,0.0289855072463768,0.159420289855072,0.126760563380282,0.10958904109589,0.154929577464789,0.0694444444444444,0,0.0384615384615385,0.0845070422535211,0.0810810810810811,0.04,0.128571428571429,0.0869565217391304
"387",0.0175438596491228,0.0704225352112676,0.0476190476190476,0.0163934426229508,0.0338983050847458,0,0.0434782608695652,0.0588235294117647,0.0697674418604651,0.0142857142857143,0.0454545454545455,0.0169491525423729,0.0483870967741935,0.0175438596491228,0.0895522388059701,0.0454545454545455,0.0819672131147541,0.0704225352112676,0.0172413793103448,0.0317460317460317,0.0172413793103448,0.032258064516129,0.0303030303030303,0,0.0289855072463768,0.0327868852459016,0.111111111111111,0.0357142857142857,0.0428571428571429,0.0454545454545455,0.0714285714285714,0.0434782608695652,0.0208333333333333,0.09375,0.0655737704918033,0.0384615384615385,0.117647058823529,0,0.222222222222222,0.666666666666667,0.333333333333333,0.3125,0.466666666666667,0.133333333333333,0,0.105263157894737,0.307692307692308,0.333333333333333,0.125,0.357142857142857,0.25
"A312",0.0192307692307692,0.0142857142857143,0.0338983050847458,0.0178571428571429,0.037037037037037,0.0178571428571429,0.0307692307692308,0.0307692307692308,0.0235294117647059,0.03125,0.0158730158730159,0,0.0169491525423729,0.0192307692307692,0.0303030303030303,0,0.0166666666666667,0.0441176470588235,0,0.0344827586206897,0.0188679245283019,0,0.0327868852459016,0,0.0153846153846154,0.0357142857142857,0.0317460317460317,0.0192307692307692,0.0303030303030303,0.0491803278688525,0.0447761194029851,0.046875,0.0476190476190476,0.0483870967741935,0,0,0.0289855072463768,0.222222222222222,0,0.153846153846154,0.153846153846154,0.0666666666666667,0.133333333333333,0.0909090909090909,0,0.0666666666666667,0,0.0714285714285714,0.0833333333333333,0,0
"82C7",0.0163934426229508,0.0958904109589041,0.0447761194029851,0.03125,0.0317460317460317,0,0.0555555555555556,0.0704225352112676,0.116279069767442,0.0135135135135135,0.0735294117647059,0.0158730158730159,0.0615384615384615,0.0163934426229508,0.1,0.0579710144927536,0.09375,0.0958904109589041,0.0327868852459016,0.0298507462686567,0.0161290322580645,0.0625,0.0434782608695652,0,0.0273972602739726,0.0307692307692308,0.138461538461538,0.0333333333333333,0.0547945205479452,0.0428571428571429,0.0972222222222222,0.0555555555555556,0.0192307692307692,0.121212121212121,0.0615384615384615,0.0357142857142857,0.159420289855072,0.666666666666667,0.153846153846154,0,0.6,0.470588235294118,0.625,0.235294117647059,0,0.0869565217391304,0.235294117647059,0.333333333333333,0.157894736842105,0.533333333333333,0.357142857142857
"D3E1",0.0163934426229508,0.0666666666666667,0.0294117647058824,0.0476190476190476,0.0317460317460317,0.0153846153846154,0.0410958904109589,0.0410958904109589,0.129411764705882,0.0135135135135135,0.0735294117647059,0,0.0298507462686567,0.0163934426229508,0.0845070422535211,0.0428571428571429,0.0447761194029851,0.0666666666666667,0.05,0.0298507462686567,0.0327868852459016,0.0625,0.0746268656716418,0,0,0.0307692307692308,0.121212121212121,0.0163934426229508,0.0266666666666667,0.028169014084507,0.112676056338028,0.0857142857142857,0.0192307692307692,0.138461538461538,0.0454545454545455,0,0.126760563380282,0.333333333333333,0.153846153846154,0.6,0,0.31578947368421,0.444444444444444,0.166666666666667,0,0.0869565217391304,0.105263157894737,0.2,0.1,0.352941176470588,0.266666666666667
"C809",0.0161290322580645,0.125,0.0289855072463768,0.0307692307692308,0.0153846153846154,0,0.0547945205479452,0.0694444444444444,0.127906976744186,0.0410958904109589,0.072463768115942,0.015625,0.0447761194029851,0.0161290322580645,0.130434782608696,0.0571428571428571,0.109375,0.125,0.0158730158730159,0.0447761194029851,0.032258064516129,0.0454545454545455,0.0579710144927536,0,0.027027027027027,0.0149253731343284,0.0869565217391304,0.0327868852459016,0.04,0.0277777777777778,0.0958904109589041,0.0266666666666667,0,0.0714285714285714,0.0769230769230769,0.0350877192982456,0.10958904109589,0.3125,0.0666666666666667,0.470588235294118,0.31578947368421,0,0.5,0.222222222222222,0,0.130434782608696,0.294117647058824,0.136363636363636,0.277777777777778,0.5,0.333333333333333
"3CC1",0.0158730158730159,0.108108108108108,0.0434782608695652,0.0303030303030303,0.0307692307692308,0,0.0540540540540541,0.0833333333333333,0.126436781609195,0.0266666666666667,0.0869565217391304,0.0153846153846154,0.0597014925373134,0.0158730158730159,0.128571428571429,0.0714285714285714,0.107692307692308,0.123287671232877,0.0317460317460317,0.0597014925373134,0.0317460317460317,0.09375,0.0571428571428571,0,0.0266666666666667,0.0298507462686567,0.151515151515152,0.032258064516129,0.0394736842105263,0.0416666666666667,0.10958904109589,0.0833333333333333,0.0185185185185185,0.117647058823529,0.0923076923076923,0.0344827586206897,0.154929577464789,0.466666666666667,0.133333333333333,0.625,0.444444444444444,0.5,0,0.210526315789474,0,0.173913043478261,0.4375,0.238095238095238,0.2,0.5625,0.3125
"3C0F",0.0172413793103448,0.0694444444444444,0,0.0161290322580645,0,0.0327868852459016,0.0735294117647059,0.0138888888888889,0.0568181818181818,0.0285714285714286,0.0447761194029851,0.0338983050847458,0.0645161290322581,0,0.0571428571428571,0,0.046875,0.0405405405405405,0.0169491525423729,0,0,0.015625,0.0147058823529412,0,0.0285714285714286,0,0.0441176470588235,0,0.072463768115942,0.0294117647058824,0.0704225352112676,0.0428571428571429,0.0204081632653061,0.0597014925373134,0.0819672131147541,0.0377358490566038,0.0694444444444444,0.133333333333333,0.0909090909090909,0.235294117647059,0.166666666666667,0.222222222222222,0.210526315789474,0,0.153846153846154,0.294117647058824,0.2,0.235294117647059,0.266666666666667,0.25,0.333333333333333
"5A31",0,0.0136986301369863,0,0,0,0,0.0294117647058824,0.0294117647058824,0.0344827586206897,0,0,0.0175438596491228,0.0161290322580645,0,0.0441176470588235,0,0,0,0,0.0161290322580645,0,0.0508474576271186,0,0,0.0298507462686567,0,0,0,0.0757575757575758,0.0151515151515152,0,0.0144927536231884,0,0,0.0327868852459016,0,0,0,0,0,0,0,0,0.153846153846154,0,0.461538461538462,0.0714285714285714,0.285714285714286,0.333333333333333,0,0
"AC37",0,0.051948051948052,0,0,0,0.0151515151515152,0.0547945205479452,0.0405405405405405,0.0777777777777778,0.0410958904109589,0.0136986301369863,0.015625,0.0294117647058824,0,0.0985915492957746,0.0136986301369863,0.0597014925373134,0.0657894736842105,0,0.0606060606060606,0,0.078125,0.0138888888888889,0,0.0410958904109589,0,0.0416666666666667,0,0.0833333333333333,0.0277777777777778,0.038961038961039,0.0405405405405405,0.0188679245283019,0.0563380281690141,0.09375,0,0.0384615384615385,0.105263157894737,0.0666666666666667,0.0869565217391304,0.0869565217391304,0.130434782608696,0.173913043478261,0.294117647058824,0.461538461538462,0,0.294117647058824,0.388888888888889,0.352941176470588,0.2,0.176470588235294
"9A5D",0,0.0694444444444444,0.0151515151515152,0,0,0,0.0138888888888889,0.0735294117647059,0.0813953488372093,0.0285714285714286,0.0447761194029851,0.0166666666666667,0.0476190476190476,0,0.0882352941176471,0.0447761194029851,0.0983606557377049,0.0845070422535211,0.0169491525423729,0.0476190476190476,0.0169491525423729,0.0483870967741935,0.0298507462686567,0,0.0434782608695652,0,0.0757575757575758,0.0172413793103448,0.0422535211267606,0.0144927536231884,0.0704225352112676,0.0428571428571429,0,0.0597014925373134,0.1,0.0377358490566038,0.0845070422535211,0.307692307692308,0,0.235294117647059,0.105263157894737,0.294117647058824,0.4375,0.2,0.0714285714285714,0.294117647058824,0,0.235294117647059,0.1875,0.538461538461538,0.230769230769231
"418B",0,0.0666666666666667,0,0,0,0.0153846153846154,0.0704225352112676,0.0410958904109589,0.0909090909090909,0.0135135135135135,0.0138888888888889,0.032258064516129,0.0615384615384615,0,0.0845070422535211,0.028169014084507,0.0769230769230769,0.0526315789473684,0.0161290322580645,0.0147058823529412,0,0.0793650793650794,0.0285714285714286,0,0.0416666666666667,0,0.0882352941176471,0,0.1,0.028169014084507,0.0533333333333333,0.0555555555555556,0.0192307692307692,0.0882352941176471,0.078125,0.0175438596491228,0.0810810810810811,0.333333333333333,0.0714285714285714,0.333333333333333,0.2,0.136363636363636,0.238095238095238,0.235294117647059,0.285714285714286,0.388888888888889,0.235294117647059,0,0.294117647058824,0.277777777777778,0.266666666666667
"8787",0,0.0985915492957746,0.0149253731343284,0,0,0.0158730158730159,0.0422535211267606,0.0277777777777778,0.0561797752808989,0.028169014084507,0.0441176470588235,0.0163934426229508,0.0634920634920635,0,0.102941176470588,0.0441176470588235,0.0793650793650794,0.0833333333333333,0.0166666666666667,0.0307692307692308,0.0338983050847458,0.0819672131147541,0.0606060606060606,0,0.028169014084507,0,0.0434782608695652,0.0169491525423729,0.0869565217391304,0.0441176470588235,0.0694444444444444,0.0422535211267606,0.02,0.0434782608695652,0.0634920634920635,0.0181818181818182,0.04,0.125,0.0833333333333333,0.157894736842105,0.1,0.277777777777778,0.2,0.266666666666667,0.333333333333333,0.352941176470588,0.1875,0.294117647058824,0,0.235294117647059,0.0625
