"","2C18","1731","24E9","4ECA","39ED","B75C","AC35","BF04","4FE4","4C7B","41C1","22B0","29B2","C950","E063","076C","879F","EC1A","663E","D14D","7C6F","758","0D1B","377E","256A","F44A","A539","2F8D","44BD","DCCF","9FB7","F377","ACF4","DE72","D629","C5F2"
"2C18",0,0.19047619047619,0.40506329113924,0.38961038961039,0.314606741573034,0.397260273972603,0.30379746835443,0.402597402597403,0.555555555555556,0.4,0.345679012345679,0.428571428571429,0.356164383561644,0.333333333333333,0.408450704225352,0.457142857142857,0.382352941176471,0.372093023255814,0.378048780487805,0.376623376623377,0.557142857142857,0.365591397849462,0.4625,0.411764705882353,0.285714285714286,0.184615384615385,0.153846153846154,0.205882352941176,0.203125,0.171428571428571,0.193548387096774,0.176470588235294,0.217391304347826,0.0689655172413793,0.153846153846154,0.176470588235294
"1731",0.19047619047619,0,0.205479452054795,0.2,0.220779220779221,0.196969696969697,0.176470588235294,0.214285714285714,0.289855072463768,0.186666666666667,0.246376811594203,0.222222222222222,0.151515151515152,0.203125,0.283333333333333,0.234375,0.203389830508475,0.25,0.304347826086957,0.121621621621622,0.264705882352941,0.181818181818182,0.253333333333333,0.216666666666667,0.288888888888889,0,0,0,0,0,0,0,0,0,0,0
"24E9",0.40506329113924,0.205479452054795,0,0.558441558441558,0.585365853658537,0.493506493506494,0.397590361445783,0.531645569620253,0.488095238095238,0.54320987654321,0.626666666666667,0.467532467532468,0.454545454545455,0.430379746835443,0.345238095238095,0.455696202531646,0.445945945945946,0.455555555555556,0.465116279069767,0.4875,0.370786516853933,0.590909090909091,0.477272727272727,0.415584415584416,0.36231884057971,0.111111111111111,0.142857142857143,0.1875,0.168831168831169,0.158536585365854,0.144736842105263,0.192307692307692,0.154761904761905,0.0869565217391304,0.142857142857143,0.148148148148148
"4ECA",0.38961038961039,0.2,0.558441558441558,0,0.555555555555556,0.441558441558442,0.435897435897436,0.56,0.531645569620253,0.475609756097561,0.532467532467532,0.453333333333333,0.565217391304348,0.513888888888889,0.379746835443038,0.441558441558442,0.450704225352113,0.443181818181818,0.435294117647059,0.533333333333333,0.404761904761905,0.619047619047619,0.448275862068966,0.418918918918919,0.285714285714286,0.162162162162162,0.166666666666667,0.246575342465753,0.194444444444444,0.3,0.185714285714286,0.202702702702703,0.223684210526316,0.0923076923076923,0.183098591549296,0.271428571428571
"39ED",0.314606741573034,0.220779220779221,0.585365853658537,0.555555555555556,0,0.531645569620253,0.452380952380952,0.628205128205128,0.43956043956044,0.55952380952381,0.6,0.383720930232558,0.45679012345679,0.451219512195122,0.383720930232558,0.457831325301205,0.486842105263158,0.593023255813954,0.48314606741573,0.602564102564103,0.361702127659574,0.622222222222222,0.545454545454545,0.419753086419753,0.36986301369863,0.142857142857143,0.220779220779221,0.231707317073171,0.215189873417722,0.246913580246914,0.192307692307692,0.2375,0.226190476190476,0.0945945945945946,0.175,0.222222222222222
"B75C",0.397260273972603,0.196969696969697,0.493506493506494,0.441558441558442,0.531645569620253,0,0.407894736842105,0.671641791044776,0.487179487179487,0.73134328358209,0.506666666666667,0.424657534246575,0.410958904109589,0.6,0.485714285714286,0.492957746478873,0.441176470588235,0.506172839506173,0.5,0.447368421052632,0.4125,0.505747126436782,0.457831325301205,0.470588235294118,0.370967741935484,0.10958904109589,0.196969696969697,0.211267605633803,0.191176470588235,0.194444444444444,0.181818181818182,0.217391304347826,0.205479452054795,0.157894736842105,0.17910447761194,0.2
"AC35",0.30379746835443,0.176470588235294,0.397590361445783,0.435897435897436,0.452380952380952,0.407894736842105,0,0.430379746835443,0.409638554216867,0.426829268292683,0.443037974683544,0.381578947368421,0.405405405405405,0.458333333333333,0.346153846153846,0.38961038961039,0.434782608695652,0.464285714285714,0.35632183908046,0.48,0.373493975903614,0.517241379310345,0.452380952380952,0.422535211267606,0.283582089552239,0.223880597014925,0.142857142857143,0.208333333333333,0.205882352941176,0.242857142857143,0.17910447761194,0.180555555555556,0.202702702702703,0.046875,0.176470588235294,0.214285714285714
"BF04",0.402597402597403,0.214285714285714,0.531645569620253,0.56,0.628205128205128,0.671641791044776,0.430379746835443,0,0.525,0.671232876712329,0.506329113924051,0.486486486486487,0.472972972972973,0.549295774647887,0.527777777777778,0.493333333333333,0.485714285714286,0.560975609756098,0.5,0.526315789473684,0.433734939759036,0.522222222222222,0.494117647058824,0.492957746478873,0.378787878787879,0.175675675675676,0.180555555555556,0.210526315789474,0.175675675675676,0.210526315789474,0.150684931506849,0.2,0.189873417721519,0.107692307692308,0.180555555555556,0.2
"4FE4",0.555555555555556,0.289855072463768,0.488095238095238,0.531645569620253,0.43956043956044,0.487179487179487,0.409638554216867,0.525,0,0.518072289156627,0.464285714285714,0.540540540540541,0.448717948717949,0.425,0.540540540540541,0.468354430379747,0.44,0.466666666666667,0.567901234567901,0.379310344827586,0.708333333333333,0.54945054945055,0.597560975609756,0.571428571428571,0.338028169014085,0.197368421052632,0.141025641025641,0.215189873417722,0.181818181818182,0.185185185185185,0.173333333333333,0.189873417721519,0.195121951219512,0.0555555555555556,0.155844155844156,0.205128205128205
"4C7B",0.4,0.186666666666667,0.54320987654321,0.475609756097561,0.55952380952381,0.73134328358209,0.426829268292683,0.671232876712329,0.518072289156627,0,0.5375,0.425,0.448717948717949,0.540540540540541,0.461538461538462,0.414634146341463,0.421052631578947,0.552941176470588,0.530120481927711,0.558441558441558,0.5,0.566666666666667,0.488636363636364,0.447368421052632,0.357142857142857,0.151898734177215,0.202702702702703,0.230769230769231,0.197368421052632,0.2,0.189189189189189,0.236842105263158,0.256410256410256,0.117647058823529,0.186666666666667,0.205128205128205
"41C1",0.345679012345679,0.246376811594203,0.626666666666667,0.532467532467532,0.6,0.506666666666667,0.443037974683544,0.506329113924051,0.464285714285714,0.5375,0,0.520547945205479,0.486486486486487,0.5,0.441558441558442,0.467532467532468,0.458333333333333,0.465909090909091,0.441860465116279,0.426829268292683,0.379310344827586,0.516483516483517,0.505882352941176,0.407894736842105,0.373134328358209,0.1,0.146666666666667,0.134146341463415,0.173333333333333,0.134146341463415,0.180555555555556,0.151898734177215,0.144578313253012,0.106060606060606,0.178082191780822,0.123456790123457
"22B0",0.428571428571429,0.222222222222222,0.467532467532468,0.453333333333333,0.383720930232558,0.424657534246575,0.381578947368421,0.486486486486487,0.540540540540541,0.425,0.520547945205479,0,0.442857142857143,0.436619718309859,0.397260273972603,0.444444444444444,0.523809523809524,0.428571428571429,0.385542168674699,0.367088607594937,0.541666666666667,0.387096774193548,0.469135802469136,0.4,0.276923076923077,0.161764705882353,0.115942028985507,0.150684931506849,0.144927536231884,0.135135135135135,0.151515151515152,0.108108108108108,0.116883116883117,0.032258064516129,0.132352941176471,0.138888888888889
"29B2",0.356164383561644,0.151515151515152,0.454545454545455,0.565217391304348,0.45679012345679,0.410958904109589,0.405405405405405,0.472972972972973,0.448717948717949,0.448717948717949,0.486486486486487,0.442857142857143,0,0.442857142857143,0.328947368421053,0.391891891891892,0.417910447761194,0.4,0.341176470588235,0.426666666666667,0.375,0.523809523809524,0.35632183908046,0.385714285714286,0.242424242424242,0.147058823529412,0.134328358208955,0.202898550724638,0.2,0.257575757575758,0.171875,0.191176470588235,0.214285714285714,0.05,0.151515151515152,0.208955223880597
"C950",0.333333333333333,0.203125,0.430379746835443,0.513888888888889,0.451219512195122,0.6,0.458333333333333,0.549295774647887,0.425,0.540540540540541,0.5,0.436619718309859,0.442857142857143,0,0.522388059701492,0.485714285714286,0.476923076923077,0.5,0.402439024390244,0.45945945945946,0.423076923076923,0.517647058823529,0.383720930232558,0.420289855072464,0.317460317460317,0.17910447761194,0.184615384615385,0.235294117647059,0.17910447761194,0.217391304347826,0.1875,0.205882352941176,0.194444444444444,0.103448275862069,0.222222222222222,0.261538461538462
"E063",0.408450704225352,0.283333333333333,0.345238095238095,0.379746835443038,0.383720930232558,0.485714285714286,0.346153846153846,0.527777777777778,0.540540540540541,0.461538461538462,0.441558441558442,0.397260273972603,0.328947368421053,0.522388059701492,0,0.529411764705882,0.454545454545455,0.463414634146341,0.554054054054054,0.333333333333333,0.460526315789474,0.417582417582418,0.4875,0.507692307692308,0.360655737704918,0.161764705882353,0.203125,0.183098591549296,0.17910447761194,0.166666666666667,0.206349206349206,0.205882352941176,0.178082191780822,0.163636363636364,0.166666666666667,0.188405797101449
"076C",0.457142857142857,0.234375,0.455696202531646,0.441558441558442,0.457831325301205,0.492957746478873,0.38961038961039,0.493333333333333,0.468354430379747,0.414634146341463,0.467532467532468,0.444444444444444,0.391891891891892,0.485714285714286,0.529411764705882,0,0.462686567164179,0.48780487804878,0.4625,0.392405063291139,0.448717948717949,0.43956043956044,0.551282051282051,0.492537313432836,0.307692307692308,0.157142857142857,0.196969696969697,0.228571428571429,0.157142857142857,0.146666666666667,0.164179104477612,0.2,0.157894736842105,0.0819672131147541,0.128571428571429,0.166666666666667
"879F",0.382352941176471,0.203389830508475,0.445945945945946,0.450704225352113,0.486842105263158,0.441176470588235,0.434782608695652,0.485714285714286,0.44,0.421052631578947,0.458333333333333,0.523809523809524,0.417910447761194,0.476923076923077,0.454545454545455,0.462686567164179,0,0.407407407407407,0.415584415584416,0.36,0.4,0.447058823529412,0.430379746835443,0.393939393939394,0.262295081967213,0.140625,0.145161290322581,0.164179104477612,0.158730158730159,0.147058823529412,0.186440677966102,0.134328358208955,0.126760563380282,0.0545454545454545,0.126984126984127,0.151515151515152
"EC1A",0.372093023255814,0.25,0.455555555555556,0.443181818181818,0.593023255813954,0.506172839506173,0.464285714285714,0.560975609756098,0.466666666666667,0.552941176470588,0.465909090909091,0.428571428571429,0.4,0.5,0.463414634146341,0.48780487804878,0.407407407407407,0,0.528735632183908,0.518072289156627,0.465909090909091,0.615384615384615,0.539325842696629,0.468354430379747,0.364864864864865,0.25974025974026,0.301369863013699,0.36,0.25974025974026,0.324675324675325,0.253333333333333,0.333333333333333,0.333333333333333,0.123287671232877,0.25,0.31578947368421
"663E",0.378048780487805,0.304347826086957,0.465116279069767,0.435294117647059,0.48314606741573,0.5,0.35632183908046,0.5,0.567901234567901,0.530120481927711,0.441860465116279,0.385542168674699,0.341176470588235,0.402439024390244,0.554054054054054,0.4625,0.415584415584416,0.528735632183908,0,0.359550561797753,0.458823529411765,0.595505617977528,0.5,0.460526315789474,0.352112676056338,0.135802469135802,0.25,0.243589743589744,0.194805194805195,0.227848101265823,0.171052631578947,0.266666666666667,0.285714285714286,0.132352941176471,0.184210526315789,0.217948717948718
"D14D",0.376623376623377,0.121621621621622,0.4875,0.533333333333333,0.602564102564103,0.447368421052632,0.48,0.526315789473684,0.379310344827586,0.558441558441558,0.426829268292683,0.367088607594937,0.426666666666667,0.45945945945946,0.333333333333333,0.392405063291139,0.36,0.518072289156627,0.359550561797753,0,0.36046511627907,0.588235294117647,0.470588235294118,0.333333333333333,0.289855072463768,0.197183098591549,0.238805970149254,0.285714285714286,0.25,0.363636363636364,0.242424242424242,0.313432835820896,0.314285714285714,0.0769230769230769,0.238805970149254,0.294117647058824
"7C6F",0.557142857142857,0.264705882352941,0.370786516853933,0.404761904761905,0.361702127659574,0.4125,0.373493975903614,0.433734939759036,0.708333333333333,0.5,0.379310344827586,0.541666666666667,0.375,0.423076923076923,0.460526315789474,0.448717948717949,0.4,0.465909090909091,0.458823529411765,0.36046511627907,0,0.422680412371134,0.542168674698795,0.597014925373134,0.314285714285714,0.205479452054795,0.116883116883117,0.223684210526316,0.173333333333333,0.1625,0.164383561643836,0.1375,0.1875,0.0428571428571429,0.131578947368421,0.166666666666667
"758",0.365591397849462,0.181818181818182,0.590909090909091,0.619047619047619,0.622222222222222,0.505747126436782,0.517241379310345,0.522222222222222,0.54945054945055,0.566666666666667,0.516483516483517,0.387096774193548,0.523809523809524,0.517647058823529,0.417582417582418,0.43956043956044,0.447058823529412,0.615384615384615,0.595505617977528,0.588235294117647,0.422680412371134,0,0.536842105263158,0.453488372093023,0.27906976744186,0.232558139534884,0.238095238095238,0.321428571428571,0.261904761904762,0.353658536585366,0.211764705882353,0.297619047619048,0.36144578313253,0.109756097560976,0.223529411764706,0.313253012048193
"0D1B",0.4625,0.253333333333333,0.477272727272727,0.448275862068966,0.545454545454545,0.457831325301205,0.452380952380952,0.494117647058824,0.597560975609756,0.488636363636364,0.505882352941176,0.469135802469136,0.35632183908046,0.383720930232558,0.4875,0.551282051282051,0.430379746835443,0.539325842696629,0.5,0.470588235294118,0.542168674698795,0.536842105263158,0,0.554054054054054,0.333333333333333,0.215189873417722,0.205128205128205,0.2625,0.215189873417722,0.278481012658228,0.223684210526316,0.222222222222222,0.211764705882353,0.0657894736842105,0.205128205128205,0.253164556962025
"377E",0.411764705882353,0.216666666666667,0.415584415584416,0.418918918918919,0.419753086419753,0.470588235294118,0.422535211267606,0.492957746478873,0.571428571428571,0.447368421052632,0.407894736842105,0.4,0.385714285714286,0.420289855072464,0.507692307692308,0.492537313432836,0.393939393939394,0.468354430379747,0.460526315789474,0.333333333333333,0.597014925373134,0.453488372093023,0.554054054054054,0,0.362068965517241,0.209677419354839,0.17741935483871,0.230769230769231,0.229508196721311,0.230769230769231,0.180327868852459,0.2,0.188405797101449,0.0909090909090909,0.216666666666667,0.181818181818182
"256A",0.285714285714286,0.288888888888889,0.36231884057971,0.285714285714286,0.36986301369863,0.370967741935484,0.283582089552239,0.378787878787879,0.338028169014085,0.357142857142857,0.373134328358209,0.276923076923077,0.242424242424242,0.317460317460317,0.360655737704918,0.307692307692308,0.262295081967213,0.364864864864865,0.352112676056338,0.289855072463768,0.314285714285714,0.27906976744186,0.333333333333333,0.362068965517241,0,0.0344827586206897,0.0545454545454545,0.0655737704918033,0.0714285714285714,0.0483870967741935,0.0754716981132075,0.0677966101694915,0.0634920634920635,0.0975609756097561,0.0545454545454545,0.05
"F44A",0.184615384615385,0,0.111111111111111,0.162162162162162,0.142857142857143,0.10958904109589,0.223880597014925,0.175675675675676,0.197368421052632,0.151898734177215,0.1,0.161764705882353,0.147058823529412,0.17910447761194,0.161764705882353,0.157142857142857,0.140625,0.25974025974026,0.135802469135802,0.197183098591549,0.205479452054795,0.232558139534884,0.215189873417722,0.209677419354839,0.0344827586206897,0,0.45945945945946,0.48780487804878,0.513513513513513,0.452380952380952,0.432432432432432,0.475,0.536585365853659,0.171428571428571,0.542857142857143,0.475
"A539",0.153846153846154,0,0.142857142857143,0.166666666666667,0.220779220779221,0.196969696969697,0.142857142857143,0.180555555555556,0.141025641025641,0.202702702702703,0.146666666666667,0.115942028985507,0.134328358208955,0.184615384615385,0.203125,0.196969696969697,0.145161290322581,0.301369863013699,0.25,0.238805970149254,0.116883116883117,0.238095238095238,0.205128205128205,0.17741935483871,0.0545454545454545,0.45945945945946,0,0.594594594594595,0.6875,0.475,0.645161290322581,0.78125,0.605263157894737,0.258064516129032,0.575757575757576,0.461538461538462
"2F8D",0.205882352941176,0,0.1875,0.246575342465753,0.231707317073171,0.211267605633803,0.208333333333333,0.210526315789474,0.215189873417722,0.230769230769231,0.134146341463415,0.150684931506849,0.202898550724638,0.235294117647059,0.183098591549296,0.228571428571429,0.164179104477612,0.36,0.243589743589744,0.285714285714286,0.223684210526316,0.321428571428571,0.2625,0.230769230769231,0.0655737704918033,0.48780487804878,0.594594594594595,0,0.525,0.609756097560976,0.526315789473684,0.68421052631579,0.581395348837209,0.210526315789474,0.404761904761905,0.6
"44BD",0.203125,0,0.168831168831169,0.194444444444444,0.215189873417722,0.191176470588235,0.205882352941176,0.175675675675676,0.181818181818182,0.197368421052632,0.173333333333333,0.144927536231884,0.2,0.17910447761194,0.17910447761194,0.157142857142857,0.158730158730159,0.25974025974026,0.194805194805195,0.25,0.173333333333333,0.261904761904762,0.215189873417722,0.229508196721311,0.0714285714285714,0.513513513513513,0.6875,0.525,0,0.525,0.766666666666667,0.594594594594595,0.615384615384615,0.242424242424242,0.636363636363636,0.512820512820513
"DCCF",0.171428571428571,0,0.158536585365854,0.3,0.246913580246914,0.194444444444444,0.242857142857143,0.210526315789474,0.185185185185185,0.2,0.134146341463415,0.135135135135135,0.257575757575758,0.217391304347826,0.166666666666667,0.146666666666667,0.147058823529412,0.324675324675325,0.227848101265823,0.363636363636364,0.1625,0.353658536585366,0.278481012658228,0.230769230769231,0.0483870967741935,0.452380952380952,0.475,0.609756097560976,0.525,0,0.526315789473684,0.560975609756098,0.619047619047619,0.17948717948718,0.552631578947368,0.72972972972973
"9FB7",0.193548387096774,0,0.144736842105263,0.185714285714286,0.192307692307692,0.181818181818182,0.17910447761194,0.150684931506849,0.173333333333333,0.189189189189189,0.180555555555556,0.151515151515152,0.171875,0.1875,0.206349206349206,0.164179104477612,0.186440677966102,0.253333333333333,0.171052631578947,0.242424242424242,0.164383561643836,0.211764705882353,0.223684210526316,0.180327868852459,0.0754716981132075,0.432432432432432,0.645161290322581,0.526315789473684,0.766666666666667,0.526315789473684,0,0.6,0.538461538461538,0.266666666666667,0.545454545454545,0.473684210526316
"F377",0.176470588235294,0,0.192307692307692,0.202702702702703,0.2375,0.217391304347826,0.180555555555556,0.2,0.189873417721519,0.236842105263158,0.151898734177215,0.108108108108108,0.191176470588235,0.205882352941176,0.205882352941176,0.2,0.134328358208955,0.333333333333333,0.266666666666667,0.313432835820896,0.1375,0.297619047619048,0.222222222222222,0.2,0.0677966101694915,0.475,0.78125,0.68421052631579,0.594594594594595,0.560975609756098,0.6,0,0.692307692307692,0.257142857142857,0.5,0.51219512195122
"ACF4",0.217391304347826,0,0.154761904761905,0.223684210526316,0.226190476190476,0.205479452054795,0.202702702702703,0.189873417721519,0.195121951219512,0.256410256410256,0.144578313253012,0.116883116883117,0.214285714285714,0.194444444444444,0.178082191780822,0.157894736842105,0.126760563380282,0.333333333333333,0.285714285714286,0.314285714285714,0.1875,0.36144578313253,0.211764705882353,0.188405797101449,0.0634920634920635,0.536585365853659,0.605263157894737,0.581395348837209,0.615384615384615,0.619047619047619,0.538461538461538,0.692307692307692,0,0.297297297297297,0.525,0.609756097560976
"DE72",0.0689655172413793,0,0.0869565217391304,0.0923076923076923,0.0945945945945946,0.157894736842105,0.046875,0.107692307692308,0.0555555555555556,0.117647058823529,0.106060606060606,0.032258064516129,0.05,0.103448275862069,0.163636363636364,0.0819672131147541,0.0545454545454545,0.123287671232877,0.132352941176471,0.0769230769230769,0.0428571428571429,0.109756097560976,0.0657894736842105,0.0909090909090909,0.0975609756097561,0.171428571428571,0.258064516129032,0.210526315789474,0.242424242424242,0.17948717948718,0.266666666666667,0.257142857142857,0.297297297297297,0,0.3,0.257142857142857
"D629",0.153846153846154,0,0.142857142857143,0.183098591549296,0.175,0.17910447761194,0.176470588235294,0.180555555555556,0.155844155844156,0.186666666666667,0.178082191780822,0.132352941176471,0.151515151515152,0.222222222222222,0.166666666666667,0.128571428571429,0.126984126984127,0.25,0.184210526315789,0.238805970149254,0.131578947368421,0.223529411764706,0.205128205128205,0.216666666666667,0.0545454545454545,0.542857142857143,0.575757575757576,0.404761904761905,0.636363636363636,0.552631578947368,0.545454545454545,0.5,0.525,0.3,0,0.540540540540541
"C5F2",0.176470588235294,0,0.148148148148148,0.271428571428571,0.222222222222222,0.2,0.214285714285714,0.2,0.205128205128205,0.205128205128205,0.123456790123457,0.138888888888889,0.208955223880597,0.261538461538462,0.188405797101449,0.166666666666667,0.151515151515152,0.31578947368421,0.217948717948718,0.294117647058824,0.166666666666667,0.313253012048193,0.253164556962025,0.181818181818182,0.05,0.475,0.461538461538462,0.6,0.512820512820513,0.72972972972973,0.473684210526316,0.51219512195122,0.609756097560976,0.257142857142857,0.540540540540541,0
