"","1731","377E","4ECA","39ED","B75C","AC35","BF04","4FE4","4C7B","41C1","22B0","29B2","E063","EC1A","663E","D14D","7C6F","A539","80F1","CB2B","076C","879F","44BD","DCCF","15BF","F44A","758","F377","D629","5939","255","A5EF","24E9","AA3C","ACF4","C5F2","5909","B8A2","1958","A24D","2D31","B1E3"
"1731",0,0.478723404255319,0.473118279569892,0.54945054945055,0.541666666666667,0.253164556962025,0.573033707865168,0.454545454545455,0.489583333333333,0.473684210526316,0.419354838709677,0.477777777777778,0.2,0.52,0.53125,0.543478260869565,0.51063829787234,0.308641975308642,0.510416666666667,0.267441860465116,0.525773195876289,0.440860215053763,0.409090909090909,0.386363636363636,0.416666666666667,0.42,0.505050505050505,0.505154639175258,0.475247524752475,0.209876543209877,0.291666666666667,0.313953488372093,0.398058252427184,0.2625,0.275862068965517,0.284090909090909,0.051948051948052,0.10989010989011,0.0632911392405063,0.0927835051546392,0.0947368421052632,0.0813953488372093
"377E",0.478723404255319,0,0.452631578947368,0.51063829787234,0.552083333333333,0.204819277108434,0.516129032258065,0.705882352941177,0.734939759036145,0.602272727272727,0.477777777777778,0.558139534883721,0.22972972972973,0.681318681318681,0.574468085106383,0.588888888888889,0.521276595744681,0.258823529411765,0.553191489361702,0.182795698924731,0.602150537634409,0.5,0.404494382022472,0.447058823529412,0.290322580645161,0.662790697674419,0.704545454545455,0.580645161290323,0.666666666666667,0.222222222222222,0.302083333333333,0.252747252747253,0.611111111111111,0.228915662650602,0.28735632183908,0.325581395348837,0.138888888888889,0.24390243902439,0.148648648648649,0.229885057471264,0.25,0.236842105263158
"4ECA",0.473118279569892,0.452631578947368,0,0.505376344086022,0.547368421052632,0.180722891566265,0.544444444444444,0.415841584158416,0.494736842105263,0.494623655913978,0.350515463917526,0.434782608695652,0.186666666666667,0.480392156862745,0.46,0.584269662921348,0.48421052631579,0.22093023255814,0.425742574257426,0.227272727272727,0.441176470588235,0.414893617021277,0.481927710843373,0.390804597701149,0.35632183908046,0.355769230769231,0.465346534653465,0.510416666666667,0.436893203883495,0.2125,0.255102040816327,0.28735632183908,0.444444444444444,0.298701298701299,0.27906976744186,0.302325581395349,0.0526315789473684,0.111111111111111,0.0506329113924051,0.141304347826087,0.0957446808510638,0.108433734939759
"39ED",0.54945054945055,0.51063829787234,0.505376344086022,0,0.696629213483146,0.24390243902439,0.72289156626506,0.47,0.520833333333333,0.554347826086957,0.467391304347826,0.478260869565217,0.192307692307692,0.581632653061224,0.612903225806452,0.647727272727273,0.510416666666667,0.282352941176471,0.541666666666667,0.258426966292135,0.438095238095238,0.427083333333333,0.476744186046512,0.436781609195402,0.386363636363636,0.464646464646465,0.6,0.520408163265306,0.52,0.246913580246914,0.245098039215686,0.348837209302326,0.484848484848485,0.253012048192771,0.280898876404494,0.364705882352941,0.05,0.0721649484536082,0.0481927710843374,0.0686274509803922,0.0808080808080808,0.0666666666666667
"B75C",0.541666666666667,0.552083333333333,0.547368421052632,0.696629213483146,0,0.197802197802198,0.648351648351648,0.509803921568627,0.53,0.5625,0.42,0.489583333333333,0.162790697674419,0.588235294117647,0.670212765957447,0.617021276595745,0.551020408163265,0.274725274725275,0.504854368932039,0.265957446808511,0.462962962962963,0.469387755102041,0.522727272727273,0.419354838709677,0.372340425531915,0.504950495049505,0.59,0.529411764705882,0.528846153846154,0.270588235294118,0.288461538461538,0.32258064516129,0.524752475247525,0.233333333333333,0.315217391304348,0.308510638297872,0.109756097560976,0.11,0.105882352941176,0.115384615384615,0.106796116504854,0.10752688172043
"AC35",0.253164556962025,0.204819277108434,0.180722891566265,0.24390243902439,0.197802197802198,0,0.246913580246914,0.193181818181818,0.253012048192771,0.202380952380952,0.24,0.160493827160494,0.545454545454545,0.228260869565217,0.227272727272727,0.271604938271605,0.226190476190476,0.456521739130435,0.261904761904762,0.25,0.211111111111111,0.20253164556962,0.25,0.276923076923077,0.35593220338983,0.170454545454545,0.235955056179775,0.215909090909091,0.208791208791209,0.282608695652174,0.26865671641791,0.37037037037037,0.153846153846154,0.26530612244898,0.358490566037736,0.275862068965517,0,0,0,0,0,0
"BF04",0.573033707865168,0.516129032258065,0.544444444444444,0.72289156626506,0.648351648351648,0.246913580246914,0,0.489795918367347,0.526315789473684,0.56043956043956,0.425531914893617,0.467391304347826,0.226666666666667,0.509803921568627,0.568421052631579,0.617977528089888,0.531914893617021,0.213483146067416,0.484848484848485,0.21978021978022,0.442307692307692,0.416666666666667,0.555555555555556,0.393258426966292,0.406976744186047,0.469387755102041,0.589473684210526,0.541666666666667,0.51,0.298701298701299,0.247524752475248,0.385542168674699,0.489795918367347,0.25609756097561,0.284090909090909,0.352941176470588,0.0246913580246914,0.0729166666666667,0.0238095238095238,0.0693069306930693,0.0707070707070707,0.0555555555555556
"4FE4",0.454545454545455,0.705882352941177,0.415841584158416,0.47,0.509803921568627,0.193181818181818,0.489795918367347,0,0.732558139534884,0.58695652173913,0.568181818181818,0.579545454545455,0.2,0.663157894736842,0.610526315789474,0.574468085106383,0.48,0.258426966292135,0.606382978723404,0.236559139784946,0.555555555555556,0.590909090909091,0.382978723404255,0.438202247191011,0.288659793814433,0.72093023255814,0.684782608695652,0.652173913043478,0.722222222222222,0.209302325581395,0.34020618556701,0.265957446808511,0.578947368421053,0.229885057471264,0.314606741573034,0.352272727272727,0.144736842105263,0.258823529411765,0.168831168831169,0.258426966292135,0.294117647058824,0.222222222222222
"4C7B",0.489583333333333,0.734939759036145,0.494736842105263,0.520833333333333,0.53,0.253012048192771,0.526315789473684,0.732558139534884,0,0.629213483146067,0.593023255813954,0.604651162790698,0.25,0.706521739130435,0.652173913043478,0.615384615384615,0.580645161290323,0.290697674418605,0.54639175257732,0.2,0.561224489795918,0.527472527472527,0.417582417582418,0.395604395604396,0.291666666666667,0.633333333333333,0.711111111111111,0.677777777777778,0.692307692307692,0.226190476190476,0.264705882352941,0.282608695652174,0.585106382978723,0.218390804597701,0.303370786516854,0.325842696629214,0.146666666666667,0.247058823529412,0.186666666666667,0.275862068965517,0.252873563218391,0.209876543209877
"41C1",0.473684210526316,0.602272727272727,0.494623655913978,0.554347826086957,0.5625,0.202380952380952,0.56043956043956,0.58695652173913,0.629213483146067,0,0.558139534883721,0.5,0.210526315789474,0.621052631578947,0.655555555555556,0.565217391304348,0.582417582417582,0.241379310344828,0.563829787234043,0.275862068965517,0.530612244897959,0.563218390804598,0.431818181818182,0.476190476190476,0.315217391304348,0.565217391304348,0.589473684210526,0.557894736842105,0.606382978723404,0.265822784810127,0.3125,0.352941176470588,0.56989247311828,0.25609756097561,0.228260869565217,0.337209302325581,0.106666666666667,0.211764705882353,0.102564102564103,0.227272727272727,0.177777777777778,0.17283950617284
"22B0",0.419354838709677,0.477777777777778,0.350515463917526,0.467391304347826,0.42,0.24,0.425531914893617,0.568181818181818,0.593023255813954,0.558139534883721,0,0.426966292134831,0.2,0.553191489361702,0.516129032258065,0.478260869565217,0.511111111111111,0.31578947368421,0.478723404255319,0.240963855421687,0.494736842105263,0.523809523809524,0.268817204301075,0.348837209302326,0.228260869565217,0.545454545454545,0.521276595744681,0.48936170212766,0.571428571428571,0.164556962025316,0.282608695652174,0.244186046511628,0.452631578947368,0.17283950617284,0.265060240963855,0.244186046511628,0.0714285714285714,0.20253164556962,0.0833333333333333,0.19047619047619,0.180722891566265,0.115384615384615
"29B2",0.477777777777778,0.558139534883721,0.434782608695652,0.478260869565217,0.489583333333333,0.160493827160494,0.467391304347826,0.579545454545455,0.604651162790698,0.5,0.426966292134831,0,0.103896103896104,0.547368421052632,0.595505617977528,0.489130434782609,0.397959183673469,0.174418604651163,0.538461538461538,0.155555555555556,0.459183673469388,0.449438202247191,0.352272727272727,0.36046511627907,0.266666666666667,0.489130434782609,0.6,0.620689655172414,0.565217391304348,0.134146341463415,0.214285714285714,0.241379310344828,0.494623655913978,0.246753246753247,0.204545454545455,0.255813953488372,0.134328358208955,0.230769230769231,0.161764705882353,0.231707317073171,0.207317073170732,0.205479452054795
"E063",0.2,0.22972972972973,0.186666666666667,0.192307692307692,0.162790697674419,0.545454545454545,0.226666666666667,0.2,0.25,0.210526315789474,0.2,0.103896103896104,0,0.195402298850575,0.164705882352941,0.236842105263158,0.220779220779221,0.380952380952381,0.168674698795181,0.173076923076923,0.19047619047619,0.146666666666667,0.206349206349206,0.275862068965517,0.290909090909091,0.160493827160494,0.216867469879518,0.166666666666667,0.174418604651163,0.31578947368421,0.206349206349206,0.274509803921569,0.116279069767442,0.232558139534884,0.285714285714286,0.274509803921569,0,0,0,0,0,0
"EC1A",0.52,0.681318681318681,0.480392156862745,0.581632653061224,0.588235294117647,0.228260869565217,0.509803921568627,0.663157894736842,0.706521739130435,0.621052631578947,0.553191489361702,0.547368421052632,0.195402298850575,0,0.65979381443299,0.659574468085106,0.591836734693878,0.318681318681319,0.639175257731959,0.255102040816327,0.603960396039604,0.574468085106383,0.468085106382979,0.446808510638298,0.33,0.625,0.646464646464647,0.616161616161616,0.71578947368421,0.230769230769231,0.366336633663366,0.309278350515464,0.612244897959184,0.25,0.344086021505376,0.336842105263158,0.117647058823529,0.25,0.126436781609195,0.237113402061856,0.216494845360825,0.188888888888889
"663E",0.53125,0.574468085106383,0.46,0.612903225806452,0.670212765957447,0.227272727272727,0.568421052631579,0.610526315789474,0.652173913043478,0.655555555555556,0.516129032258065,0.595505617977528,0.164705882352941,0.65979381443299,0,0.606382978723404,0.540816326530612,0.292134831460674,0.604166666666667,0.311111111111111,0.509615384615385,0.554347826086957,0.461538461538462,0.423913043478261,0.376344086021505,0.589473684210526,0.628865979381443,0.614583333333333,0.628865979381443,0.229885057471264,0.278846153846154,0.311827956989247,0.59375,0.208791208791209,0.318681318681319,0.28421052631579,0.139240506329114,0.195652173913043,0.1625,0.210526315789474,0.202127659574468,0.172413793103448
"D14D",0.543478260869565,0.588888888888889,0.584269662921348,0.647727272727273,0.617021276595745,0.271604938271605,0.617977528089888,0.574468085106383,0.615384615384615,0.565217391304348,0.478260869565217,0.489130434782609,0.236842105263158,0.659574468085106,0.606382978723404,0,0.505154639175258,0.235955056179775,0.568421052631579,0.269662921348315,0.52,0.516483516483517,0.471264367816092,0.415730337078652,0.351648351648352,0.489795918367347,0.645161290322581,0.612903225806452,0.545454545454545,0.24390243902439,0.254901960784314,0.3,0.510204081632653,0.235294117647059,0.337209302325581,0.329545454545455,0.103896103896104,0.153846153846154,0.1,0.145833333333333,0.148936170212766,0.141176470588235
"7C6F",0.51063829787234,0.521276595744681,0.48421052631579,0.510416666666667,0.551020408163265,0.226190476190476,0.531914893617021,0.48,0.580645161290323,0.582417582417582,0.511111111111111,0.397959183673469,0.220779220779221,0.591836734693878,0.540816326530612,0.505154639175258,0,0.27906976744186,0.475247524752475,0.241758241758242,0.461538461538462,0.468085106382979,0.438202247191011,0.354838709677419,0.294736842105263,0.505154639175258,0.53,0.485148514851485,0.5,0.214285714285714,0.306122448979592,0.3,0.465346534653465,0.235294117647059,0.292134831460674,0.258064516129032,0.0493827160493827,0.117021276595745,0.0476190476190476,0.134020618556701,0.125,0.102272727272727
"A539",0.308641975308642,0.258823529411765,0.22093023255814,0.282352941176471,0.274725274725275,0.456521739130435,0.213483146067416,0.258426966292135,0.290697674418605,0.241379310344828,0.31578947368421,0.174418604651163,0.380952380952381,0.318681318681319,0.292134831460674,0.235955056179775,0.27906976744186,0,0.269662921348315,0.375,0.303370786516854,0.275,0.295774647887324,0.304347826086957,0.403225806451613,0.208791208791209,0.24468085106383,0.252747252747253,0.24468085106383,0.294117647058824,0.373134328358209,0.327868852459016,0.191489361702128,0.30188679245283,0.462962962962963,0.306451612903226,0.0208333333333333,0.0298507462686567,0.0196078431372549,0.0277777777777778,0.0140845070422535,0.0338983050847458
"80F1",0.510416666666667,0.553191489361702,0.425742574257426,0.541666666666667,0.504854368932039,0.261904761904762,0.484848484848485,0.606382978723404,0.54639175257732,0.563829787234043,0.478723404255319,0.538461538461538,0.168674698795181,0.639175257731959,0.604166666666667,0.568421052631579,0.475247524752475,0.269662921348315,0,0.274725274725275,0.504854368932039,0.54945054945055,0.378947368421053,0.433333333333333,0.326315789473684,0.552083333333333,0.529411764705882,0.577319587628866,0.575757575757576,0.206896551724138,0.323232323232323,0.290322580645161,0.480392156862745,0.227272727272727,0.282608695652174,0.318681318681319,0.1,0.186813186813187,0.0963855421686747,0.189473684210526,0.193548387096774,0.162790697674419
"CB2B",0.267441860465116,0.182795698924731,0.227272727272727,0.258426966292135,0.265957446808511,0.25,0.21978021978022,0.236559139784946,0.2,0.275862068965517,0.240963855421687,0.155555555555556,0.173076923076923,0.255102040816327,0.311111111111111,0.269662921348315,0.241758241758242,0.375,0.274725274725275,0,0.239583333333333,0.280487804878049,0.319444444444444,0.309859154929577,0.384615384615385,0.189473684210526,0.16504854368932,0.231578947368421,0.188118811881188,0.232142857142857,0.357142857142857,0.354838709677419,0.210526315789474,0.285714285714286,0.389830508474576,0.3125,0.0196078431372549,0.0746268656716418,0.0185185185185185,0.0845070422535211,0.0714285714285714,0.0491803278688525
"076C",0.525773195876289,0.602150537634409,0.441176470588235,0.438095238095238,0.462962962962963,0.211111111111111,0.442307692307692,0.555555555555556,0.561224489795918,0.530612244897959,0.494736842105263,0.459183673469388,0.19047619047619,0.603960396039604,0.509615384615385,0.52,0.461538461538462,0.303370786516854,0.504854368932039,0.239583333333333,0,0.548387096774194,0.353535353535354,0.419354838709677,0.303030303030303,0.551020408163265,0.65625,0.529411764705882,0.622448979591837,0.173913043478261,0.34,0.255102040816327,0.571428571428571,0.206521739130435,0.287234042553192,0.32258064516129,0.0963855421686747,0.206521739130435,0.119047619047619,0.234042553191489,0.212765957446809,0.170454545454545
"879F",0.440860215053763,0.5,0.414893617021277,0.427083333333333,0.469387755102041,0.20253164556962,0.416666666666667,0.590909090909091,0.527472527472527,0.563218390804598,0.523809523809524,0.449438202247191,0.146666666666667,0.574468085106383,0.554347826086957,0.516483516483517,0.468085106382979,0.275,0.54945054945055,0.280487804878049,0.548387096774194,0,0.333333333333333,0.404761904761905,0.306818181818182,0.533333333333333,0.542553191489362,0.494736842105263,0.576086956521739,0.205128205128205,0.333333333333333,0.297619047619048,0.458333333333333,0.243589743589744,0.304878048780488,0.297619047619048,0.132352941176471,0.2125,0.126760563380282,0.214285714285714,0.204819277108434,0.155844155844156
"44BD",0.409090909090909,0.404494382022472,0.481927710843373,0.476744186046512,0.522727272727273,0.25,0.555555555555556,0.382978723404255,0.417582417582418,0.431818181818182,0.268817204301075,0.352272727272727,0.206349206349206,0.468085106382979,0.461538461538462,0.471264367816092,0.438202247191011,0.295774647887324,0.378947368421053,0.319444444444444,0.353535353535354,0.333333333333333,0,0.421052631578947,0.438356164383562,0.361702127659574,0.421052631578947,0.434782608695652,0.40625,0.4,0.358024691358025,0.477611940298507,0.41304347826087,0.338461538461538,0.328767123287671,0.434782608695652,0.046875,0.10126582278481,0.0606060606060606,0.108433734939759,0.0975609756097561,0.0821917808219178
"DCCF",0.386363636363636,0.447058823529412,0.390804597701149,0.436781609195402,0.419354838709677,0.276923076923077,0.393258426966292,0.438202247191011,0.395604395604396,0.476190476190476,0.348837209302326,0.36046511627907,0.275862068965517,0.446808510638298,0.423913043478261,0.415730337078652,0.354838709677419,0.304347826086957,0.433333333333333,0.309859154929577,0.419354838709677,0.404761904761905,0.421052631578947,0,0.492753623188406,0.384615384615385,0.414893617021277,0.397849462365591,0.43010752688172,0.344262295081967,0.421052631578947,0.46969696969697,0.376344086021505,0.39344262295082,0.397058823529412,0.447761194029851,0.0317460317460317,0.164383561643836,0.0303030303030303,0.153846153846154,0.142857142857143,0.149253731343284
"15BF",0.416666666666667,0.290322580645161,0.35632183908046,0.386363636363636,0.372340425531915,0.35593220338983,0.406976744186047,0.288659793814433,0.291666666666667,0.315217391304348,0.228260869565217,0.266666666666667,0.290909090909091,0.33,0.376344086021505,0.351648351648352,0.294736842105263,0.403225806451613,0.326315789473684,0.384615384615385,0.303030303030303,0.306818181818182,0.438356164383562,0.492753623188406,0,0.23,0.313131313131313,0.336842105263158,0.3,0.385964912280702,0.363636363636364,0.516129032258065,0.25,0.413793103448276,0.4375,0.46875,0,0.025,0,0.0357142857142857,0.0365853658536585,0.0422535211267606
"F44A",0.42,0.662790697674419,0.355769230769231,0.464646464646465,0.504950495049505,0.170454545454545,0.469387755102041,0.72093023255814,0.633333333333333,0.565217391304348,0.545454545454545,0.489130434782609,0.160493827160494,0.625,0.589473684210526,0.489795918367347,0.505154639175258,0.208791208791209,0.552083333333333,0.189473684210526,0.551020408163265,0.533333333333333,0.361702127659574,0.384615384615385,0.23,0,0.681318681318681,0.612903225806452,0.719101123595506,0.2,0.333333333333333,0.258064516129032,0.557894736842105,0.193181818181818,0.223404255319149,0.24468085106383,0.133333333333333,0.265060240963855,0.173333333333333,0.264367816091954,0.333333333333333,0.182926829268293
"758",0.505050505050505,0.704545454545455,0.465346534653465,0.6,0.59,0.235955056179775,0.589473684210526,0.684782608695652,0.711111111111111,0.589473684210526,0.521276595744681,0.6,0.216867469879518,0.646464646464647,0.628865979381443,0.645161290322581,0.53,0.24468085106383,0.529411764705882,0.16504854368932,0.65625,0.542553191489362,0.421052631578947,0.414893617021277,0.313131313131313,0.681318681318681,0,0.670212765957447,0.68421052631579,0.238636363636364,0.285714285714286,0.319148936170213,0.648936170212766,0.230769230769231,0.311827956989247,0.362637362637363,0.135802469135802,0.204301075268817,0.144578313253012,0.206185567010309,0.236559139784946,0.195402298850575
"F377",0.505154639175258,0.580645161290323,0.510416666666667,0.520408163265306,0.529411764705882,0.215909090909091,0.541666666666667,0.652173913043478,0.677777777777778,0.557894736842105,0.48936170212766,0.620689655172414,0.166666666666667,0.616161616161616,0.614583333333333,0.612903225806452,0.485148514851485,0.252747252747253,0.577319587628866,0.231578947368421,0.529411764705882,0.494736842105263,0.434782608695652,0.397849462365591,0.336842105263158,0.612903225806452,0.670212765957447,0,0.602040816326531,0.247058823529412,0.32,0.301075268817204,0.56701030927835,0.252873563218391,0.293478260869565,0.315217391304348,0.0987654320987654,0.197802197802198,0.108433734939759,0.239130434782609,0.217391304347826,0.160919540229885
"D629",0.475247524752475,0.666666666666667,0.436893203883495,0.52,0.528846153846154,0.208791208791209,0.51,0.722222222222222,0.692307692307692,0.606382978723404,0.571428571428571,0.565217391304348,0.174418604651163,0.71578947368421,0.628865979381443,0.545454545454545,0.5,0.24468085106383,0.575757575757576,0.188118811881188,0.622448979591837,0.576086956521739,0.40625,0.43010752688172,0.3,0.719101123595506,0.68421052631579,0.602040816326531,0,0.224719101123595,0.35,0.333333333333333,0.648936170212766,0.230769230769231,0.297872340425532,0.333333333333333,0.135802469135802,0.28735632183908,0.17283950617284,0.285714285714286,0.277777777777778,0.181818181818182
"5939",0.209876543209877,0.222222222222222,0.2125,0.246913580246914,0.270588235294118,0.282608695652174,0.298701298701299,0.209302325581395,0.226190476190476,0.265822784810127,0.164556962025316,0.134146341463415,0.31578947368421,0.230769230769231,0.229885057471264,0.24390243902439,0.214285714285714,0.294117647058824,0.206896551724138,0.232142857142857,0.173913043478261,0.205128205128205,0.4,0.344262295081967,0.385964912280702,0.2,0.238636363636364,0.247058823529412,0.224719101123595,0,0.3125,0.520833333333333,0.209302325581395,0.355555555555556,0.339622641509434,0.377358490566038,0,0.0338983050847458,0,0.0645161290322581,0.0666666666666667,0.0192307692307692
"255",0.291666666666667,0.302083333333333,0.255102040816327,0.245098039215686,0.288461538461538,0.26865671641791,0.247524752475248,0.34020618556701,0.264705882352941,0.3125,0.282608695652174,0.214285714285714,0.206349206349206,0.366336633663366,0.278846153846154,0.254901960784314,0.306122448979592,0.373134328358209,0.323232323232323,0.357142857142857,0.34,0.333333333333333,0.358024691358025,0.421052631578947,0.363636363636364,0.333333333333333,0.285714285714286,0.32,0.35,0.3125,0,0.477611940298507,0.274509803921569,0.359375,0.405797101449275,0.32,0.0151515151515152,0.16,0.0294117647058824,0.164556962025316,0.168831168831169,0.144927536231884
"A5EF",0.313953488372093,0.252747252747253,0.28735632183908,0.348837209302326,0.32258064516129,0.37037037037037,0.385542168674699,0.265957446808511,0.282608695652174,0.352941176470588,0.244186046511628,0.241379310344828,0.274509803921569,0.309278350515464,0.311827956989247,0.3,0.3,0.327868852459016,0.290322580645161,0.354838709677419,0.255102040816327,0.297619047619048,0.477611940298507,0.46969696969697,0.516129032258065,0.258064516129032,0.319148936170213,0.301075268817204,0.333333333333333,0.520833333333333,0.477611940298507,0,0.279569892473118,0.433962264150943,0.387096774193548,0.419354838709677,0,0.0704225352112676,0,0.08,0.0821917808219178,0.0625
"24E9",0.398058252427184,0.611111111111111,0.444444444444444,0.484848484848485,0.524752475247525,0.153846153846154,0.489795918367347,0.578947368421053,0.585106382978723,0.56989247311828,0.452631578947368,0.494623655913978,0.116279069767442,0.612244897959184,0.59375,0.510204081632653,0.465346534653465,0.191489361702128,0.480392156862745,0.210526315789474,0.571428571428571,0.458333333333333,0.41304347826087,0.376344086021505,0.25,0.557894736842105,0.648936170212766,0.56701030927835,0.648936170212766,0.209302325581395,0.274509803921569,0.279569892473118,0,0.175824175824176,0.285714285714286,0.367816091954023,0.115384615384615,0.244186046511628,0.139240506329114,0.244444444444444,0.222222222222222,0.192771084337349
"AA3C",0.2625,0.228915662650602,0.298701298701299,0.253012048192771,0.233333333333333,0.26530612244898,0.25609756097561,0.229885057471264,0.218390804597701,0.25609756097561,0.17283950617284,0.246753246753247,0.232558139534884,0.25,0.208791208791209,0.235294117647059,0.235294117647059,0.30188679245283,0.227272727272727,0.285714285714286,0.206521739130435,0.243589743589744,0.338461538461538,0.39344262295082,0.413793103448276,0.193181818181818,0.230769230769231,0.252873563218391,0.230769230769231,0.355555555555556,0.359375,0.433962264150943,0.175824175824176,0,0.275862068965517,0.381818181818182,0,0.103448275862069,0,0.0952380952380952,0.0983606557377049,0.0980392156862745
"ACF4",0.275862068965517,0.28735632183908,0.27906976744186,0.280898876404494,0.315217391304348,0.358490566037736,0.284090909090909,0.314606741573034,0.303370786516854,0.228260869565217,0.265060240963855,0.204545454545455,0.285714285714286,0.344086021505376,0.318681318681319,0.337209302325581,0.292134831460674,0.462962962962963,0.282608695652174,0.389830508474576,0.287234042553192,0.304878048780488,0.328767123287671,0.397058823529412,0.4375,0.223404255319149,0.311827956989247,0.293478260869565,0.297872340425532,0.339622641509434,0.405797101449275,0.387096774193548,0.285714285714286,0.275862068965517,0,0.40983606557377,0.0188679245283019,0.0277777777777778,0.0178571428571429,0.025974025974026,0.0266666666666667,0.0476190476190476
"C5F2",0.284090909090909,0.325581395348837,0.302325581395349,0.364705882352941,0.308510638297872,0.275862068965517,0.352941176470588,0.352272727272727,0.325842696629214,0.337209302325581,0.244186046511628,0.255813953488372,0.274509803921569,0.336842105263158,0.28421052631579,0.329545454545455,0.258064516129032,0.306451612903226,0.318681318681319,0.3125,0.32258064516129,0.297619047619048,0.434782608695652,0.447761194029851,0.46875,0.24468085106383,0.362637362637363,0.315217391304348,0.333333333333333,0.377358490566038,0.32,0.419354838709677,0.367816091954023,0.381818181818182,0.40983606557377,0,0.0181818181818182,0.0704225352112676,0.0172413793103448,0.0945945945945946,0.0821917808219178,0.0625
"5909",0.051948051948052,0.138888888888889,0.0526315789473684,0.05,0.109756097560976,0,0.0246913580246914,0.144736842105263,0.146666666666667,0.106666666666667,0.0714285714285714,0.134328358208955,0,0.117647058823529,0.139240506329114,0.103896103896104,0.0493827160493827,0.0208333333333333,0.1,0.0196078431372549,0.0963855421686747,0.132352941176471,0.046875,0.0317460317460317,0,0.133333333333333,0.135802469135802,0.0987654320987654,0.135802469135802,0,0.0151515151515152,0,0.115384615384615,0,0.0188679245283019,0.0181818181818182,0,0.375,0.8,0.324324324324324,0.342857142857143,0.44
"B8A2",0.10989010989011,0.24390243902439,0.111111111111111,0.0721649484536082,0.11,0,0.0729166666666667,0.258823529411765,0.247058823529412,0.211764705882353,0.20253164556962,0.230769230769231,0,0.25,0.195652173913043,0.153846153846154,0.117021276595745,0.0298507462686567,0.186813186813187,0.0746268656716418,0.206521739130435,0.2125,0.10126582278481,0.164383561643836,0.025,0.265060240963855,0.204301075268817,0.197802197802198,0.28735632183908,0.0338983050847458,0.16,0.0704225352112676,0.244186046511628,0.103448275862069,0.0277777777777778,0.0704225352112676,0.375,0,0.424242424242424,0.725,0.634146341463415,0.555555555555556
"1958",0.0632911392405063,0.148648648648649,0.0506329113924051,0.0481927710843374,0.105882352941176,0,0.0238095238095238,0.168831168831169,0.186666666666667,0.102564102564103,0.0833333333333333,0.161764705882353,0,0.126436781609195,0.1625,0.1,0.0476190476190476,0.0196078431372549,0.0963855421686747,0.0185185185185185,0.119047619047619,0.126760563380282,0.0606060606060606,0.0303030303030303,0,0.173333333333333,0.144578313253012,0.108433734939759,0.17283950617284,0,0.0294117647058824,0,0.139240506329114,0,0.0178571428571429,0.0172413793103448,0.8,0.424242424242424,0,0.368421052631579,0.428571428571429,0.392857142857143
"A24D",0.0927835051546392,0.229885057471264,0.141304347826087,0.0686274509803922,0.115384615384615,0,0.0693069306930693,0.258426966292135,0.275862068965517,0.227272727272727,0.19047619047619,0.231707317073171,0,0.237113402061856,0.210526315789474,0.145833333333333,0.134020618556701,0.0277777777777778,0.189473684210526,0.0845070422535211,0.234042553191489,0.214285714285714,0.108433734939759,0.153846153846154,0.0357142857142857,0.264367816091954,0.206185567010309,0.239130434782609,0.285714285714286,0.0645161290322581,0.164556962025316,0.08,0.244444444444444,0.0952380952380952,0.025974025974026,0.0945945945945946,0.324324324324324,0.725,0.368421052631579,0,0.714285714285714,0.525
"2D31",0.0947368421052632,0.25,0.0957446808510638,0.0808080808080808,0.106796116504854,0,0.0707070707070707,0.294117647058824,0.252873563218391,0.177777777777778,0.180722891566265,0.207317073170732,0,0.216494845360825,0.202127659574468,0.148936170212766,0.125,0.0140845070422535,0.193548387096774,0.0714285714285714,0.212765957446809,0.204819277108434,0.0975609756097561,0.142857142857143,0.0365853658536585,0.333333333333333,0.236559139784946,0.217391304347826,0.277777777777778,0.0666666666666667,0.168831168831169,0.0821917808219178,0.222222222222222,0.0983606557377049,0.0266666666666667,0.0821917808219178,0.342857142857143,0.634146341463415,0.428571428571429,0.714285714285714,0,0.552631578947368
"B1E3",0.0813953488372093,0.236842105263158,0.108433734939759,0.0666666666666667,0.10752688172043,0,0.0555555555555556,0.222222222222222,0.209876543209877,0.17283950617284,0.115384615384615,0.205479452054795,0,0.188888888888889,0.172413793103448,0.141176470588235,0.102272727272727,0.0338983050847458,0.162790697674419,0.0491803278688525,0.170454545454545,0.155844155844156,0.0821917808219178,0.149253731343284,0.0422535211267606,0.182926829268293,0.195402298850575,0.160919540229885,0.181818181818182,0.0192307692307692,0.144927536231884,0.0625,0.192771084337349,0.0980392156862745,0.0476190476190476,0.0625,0.44,0.555555555555556,0.392857142857143,0.525,0.552631578947368,0
