"","39ED","AC35","BF04","41C1","29B2","663E","D14D","758","9FB7","1731","377E","B75C","879F","2C18","F44A","2F8D","44BD","F377","4FE4","0D1B","24E9","4ECA","4C7B","22B0","E063","076C","EC1A","7C6F","D629","C5F2","C950","A539","DCCF","ACF4","15BF","AA3C","204F","9407","80F1","CB2B","898A","5939"
"39ED",0,0.388059701492537,0.552238805970149,0.385714285714286,0.476190476190476,0.46969696969697,0.537313432835821,0.506666666666667,0.371794871794872,0.158730158730159,0.454545454545455,0.475409836065574,0.444444444444444,0.369230769230769,0.346666666666667,0.406976744186047,0.513157894736842,0.473684210526316,0.507042253521127,0.421052631578947,0.408450704225352,0.507692307692308,0.582089552238806,0.0983606557377049,0.12962962962963,0.411764705882353,0.435897435897436,0.491803278688525,0.382352941176471,0.486486486486487,0.333333333333333,0.243243243243243,0.454545454545455,0.275,0.36,0.0526315789473684,0,0.0555555555555556,0.0363636363636364,0.0344827586206897,0.0178571428571429,0.037037037037037
"AC35",0.388059701492537,0,0.453125,0.34375,0.32258064516129,0.34375,0.393939393939394,0.36,0.297297297297297,0.107142857142857,0.287878787878788,0.316666666666667,0.311475409836066,0.322033898305085,0.285714285714286,0.375,0.386666666666667,0.383561643835616,0.352112676056338,0.347222222222222,0.348484848484849,0.338461538461538,0.319444444444444,0.12,0.111111111111111,0.370967741935484,0.346666666666667,0.26984126984127,0.202898550724638,0.32,0.277777777777778,0.191176470588235,0.364864864864865,0.318840579710145,0.318840579710145,0.0425531914893617,0,0.0222222222222222,0,0.0425531914893617,0.0222222222222222,0.0227272727272727
"BF04",0.552238805970149,0.453125,0,0.426470588235294,0.453125,0.447761194029851,0.537313432835821,0.527027027027027,0.371794871794872,0.123076923076923,0.476923076923077,0.578947368421053,0.467741935483871,0.435483870967742,0.311688311688312,0.44047619047619,0.513157894736842,0.473684210526316,0.465753424657534,0.5,0.408450704225352,0.484848484848485,0.536231884057971,0.0634920634920635,0.0517241379310345,0.476923076923077,0.473684210526316,0.467741935483871,0.36231884057971,0.466666666666667,0.35593220338983,0.210526315789474,0.493333333333333,0.342105263157895,0.416666666666667,0.0344827586206897,0,0.0363636363636364,0.0178571428571429,0.0344827586206897,0.0178571428571429,0.0181818181818182
"41C1",0.385714285714286,0.34375,0.426470588235294,0,0.433333333333333,0.451612903225806,0.5,0.452054794520548,0.265822784810127,0.0819672131147541,0.412698412698413,0.456140350877193,0.4,0.344262295081967,0.236842105263158,0.390243902439024,0.384615384615385,0.363636363636364,0.408450704225352,0.402777777777778,0.367647058823529,0.421875,0.5,0.132075471698113,0.0384615384615385,0.369230769230769,0.418918918918919,0.272727272727273,0.208333333333333,0.373333333333333,0.327272727272727,0.180555555555556,0.381578947368421,0.301369863013699,0.338028169014085,0.06,0.0204081632653061,0.0204081632653061,0.0204081632653061,0.0816326530612245,0.0204081632653061,0.0425531914893617
"29B2",0.476190476190476,0.32258064516129,0.453125,0.433333333333333,0,0.433333333333333,0.533333333333333,0.436619718309859,0.230769230769231,0.0508474576271186,0.39344262295082,0.436363636363636,0.428571428571429,0.444444444444444,0.267605633802817,0.428571428571429,0.444444444444444,0.442857142857143,0.454545454545455,0.385714285714286,0.435483870967742,0.426229508196721,0.439393939393939,0.12,0.111111111111111,0.46551724137931,0.311688311688312,0.379310344827586,0.317460317460317,0.455882352941176,0.352941176470588,0.140845070422535,0.346666666666667,0.181818181818182,0.3,0.0425531914893617,0.0222222222222222,0.0454545454545455,0.0222222222222222,0.0208333333333333,0.0454545454545455,0.0465116279069767
"663E",0.46969696969697,0.34375,0.447761194029851,0.451612903225806,0.433333333333333,0,0.548387096774194,0.514285714285714,0.31578947368421,0.2,0.412698412698413,0.482142857142857,0.377049180327869,0.366666666666667,0.323943661971831,0.461538461538462,0.421052631578947,0.381578947368421,0.515151515151515,0.402777777777778,0.273972602739726,0.4,0.523076923076923,0.0909090909090909,0.125,0.348484848484849,0.438356164383562,0.292307692307692,0.279411764705882,0.391891891891892,0.303571428571429,0.214285714285714,0.381578947368421,0.233766233766234,0.319444444444444,0,0,0,0,0,0,0
"D14D",0.537313432835821,0.393939393939394,0.537313432835821,0.5,0.533333333333333,0.548387096774194,0,0.493333333333333,0.341772151898734,0.161290322580645,0.583333333333333,0.508474576271186,0.475409836065574,0.375,0.265822784810127,0.428571428571429,0.425,0.441558441558442,0.413333333333333,0.426666666666667,0.356164383561644,0.515625,0.544117647058823,0.0819672131147541,0.0909090909090909,0.484375,0.40506329113924,0.384615384615385,0.273972602739726,0.43421052631579,0.338983050847458,0.181818181818182,0.3875,0.328947368421053,0.346666666666667,0.0350877192982456,0,0.037037037037037,0.0181818181818182,0.0172413793103448,0.0181818181818182,0.0377358490566038
"758",0.506666666666667,0.36,0.527027027027027,0.452054794520548,0.436619718309859,0.514285714285714,0.493333333333333,0,0.380952380952381,0.154929577464789,0.438356164383562,0.546875,0.428571428571429,0.420289855072464,0.486486486486487,0.566265060240964,0.569620253164557,0.457831325301205,0.546666666666667,0.5,0.43421052631579,0.445945945945946,0.619718309859155,0.151515151515152,0.09375,0.418918918918919,0.531645569620253,0.408450704225352,0.30379746835443,0.545454545454545,0.308823529411765,0.328947368421053,0.551282051282051,0.275862068965517,0.40506329113924,0.0147058823529412,0.0153846153846154,0.0153846153846154,0.0153846153846154,0.0298507462686567,0.0153846153846154,0
"9FB7",0.371794871794872,0.297297297297297,0.371794871794872,0.265822784810127,0.230769230769231,0.31578947368421,0.341772151898734,0.380952380952381,0,0.288135593220339,0.414285714285714,0.309859154929577,0.253333333333333,0.277777777777778,0.405405405405405,0.441860465116279,0.493670886075949,0.474358974358974,0.358024691358025,0.37037037037037,0.30379746835443,0.294871794871795,0.397435897435897,0.129032258064516,0.12280701754386,0.269230769230769,0.474358974358974,0.323943661971831,0.328767123287671,0.4125,0.257575757575758,0.507936507936508,0.4375,0.567164179104478,0.438356164383562,0.0677966101694915,0.0526315789473684,0.0344827586206897,0.0344827586206897,0.05,0.0169491525423729,0.0535714285714286
"1731",0.158730158730159,0.107142857142857,0.123076923076923,0.0819672131147541,0.0508474576271186,0.2,0.161290322580645,0.154929577464789,0.288135593220339,0,0.140350877192982,0.0925925925925926,0.132075471698113,0.0943396226415094,0.25,0.125,0.135135135135135,0.140845070422535,0.117647058823529,0.149253731343284,0.0952380952380952,0.116666666666667,0.153846153846154,0.161290322580645,0.2,0.0833333333333333,0.173913043478261,0.153846153846154,0.166666666666667,0.161764705882353,0.0425531914893617,0.22,0.0945945945945946,0.183333333333333,0.126984126984127,0,0,0,0,0,0,0
"377E",0.454545454545455,0.287878787878788,0.476923076923077,0.412698412698413,0.39344262295082,0.412698412698413,0.583333333333333,0.438356164383562,0.414285714285714,0.140350877192982,0,0.547169811320755,0.383333333333333,0.396551724137931,0.207792207792208,0.4125,0.465753424657534,0.444444444444444,0.414285714285714,0.470588235294118,0.333333333333333,0.428571428571429,0.661016949152542,0.0727272727272727,0.0816326530612245,0.442622950819672,0.405405405405405,0.431034482758621,0.303030303030303,0.397260273972603,0.333333333333333,0.2,0.405405405405405,0.36231884057971,0.323943661971831,0.04,0.0208333333333333,0.0425531914893617,0.0208333333333333,0.0196078431372549,0.0208333333333333,0.0434782608695652
"B75C",0.475409836065574,0.316666666666667,0.578947368421053,0.456140350877193,0.436363636363636,0.482142857142857,0.508474576271186,0.546875,0.309859154929577,0.0925925925925926,0.547169811320755,0,0.452830188679245,0.363636363636364,0.298507462686567,0.38961038961039,0.463768115942029,0.420289855072464,0.5,0.424242424242424,0.365079365079365,0.4,0.642857142857143,0.104166666666667,0.0444444444444444,0.413793103448276,0.420289855072464,0.4,0.25,0.454545454545455,0.404255319148936,0.238095238095238,0.441176470588235,0.294117647058824,0.353846153846154,0,0,0,0,0,0,0
"879F",0.444444444444444,0.311475409836066,0.467741935483871,0.4,0.428571428571429,0.377049180327869,0.475409836065574,0.428571428571429,0.253333333333333,0.132075471698113,0.383333333333333,0.452830188679245,0,0.407407407407407,0.294117647058824,0.384615384615385,0.397260273972603,0.394366197183099,0.424242424242424,0.439393939393939,0.338461538461538,0.545454545454545,0.5,0.08,0.0666666666666667,0.456140350877193,0.356164383561644,0.368421052631579,0.265625,0.366197183098592,0.395833333333333,0.161764705882353,0.394366197183099,0.236111111111111,0.328358208955224,0.0217391304347826,0,0.0232558139534884,0,0.0217391304347826,0.0476190476190476,0.0238095238095238
"2C18",0.369230769230769,0.322033898305085,0.435483870967742,0.344262295081967,0.444444444444444,0.366666666666667,0.375,0.420289855072464,0.277777777777778,0.0943396226415094,0.396551724137931,0.363636363636364,0.407407407407407,0,0.283582089552239,0.432432432432432,0.428571428571429,0.385714285714286,0.415384615384615,0.409090909090909,0.287878787878788,0.383333333333333,0.378787878787879,0.130434782608696,0.121951219512195,0.396551724137931,0.366197183098592,0.381818181818182,0.316666666666667,0.357142857142857,0.326530612244898,0.184615384615385,0.366197183098592,0.242857142857143,0.359375,0.0227272727272727,0.024390243902439,0.024390243902439,0,0.0465116279069767,0.024390243902439,0.025
"F44A",0.346666666666667,0.285714285714286,0.311688311688312,0.236842105263158,0.267605633802817,0.323943661971831,0.265822784810127,0.486486486486487,0.405405405405405,0.25,0.207792207792208,0.298507462686567,0.294117647058824,0.283582089552239,0,0.45679012345679,0.454545454545455,0.313253012048193,0.424657534246575,0.418918918918919,0.293333333333333,0.25,0.355263157894737,0.230769230769231,0.115384615384615,0.24,0.43421052631579,0.313432835820896,0.28169014084507,0.445945945945946,0.149253731343284,0.435483870967742,0.415584415584416,0.356164383561644,0.477611940298507,0,0,0,0,0.0178571428571429,0,0
"2F8D",0.406976744186047,0.375,0.44047619047619,0.390243902439024,0.428571428571429,0.461538461538462,0.428571428571429,0.566265060240964,0.441860465116279,0.125,0.4125,0.38961038961039,0.384615384615385,0.432432432432432,0.45679012345679,0,0.65,0.592592592592593,0.569620253164557,0.5625,0.444444444444444,0.4375,0.518518518518518,0.12,0.0833333333333333,0.486842105263158,0.535714285714286,0.367088607594937,0.337349397590361,0.567901234567901,0.328767123287671,0.3625,0.573170731707317,0.383720930232558,0.451219512195122,0.0694444444444444,0.0422535211267606,0.0422535211267606,0.0277777777777778,0.0405405405405405,0.0136986301369863,0.0428571428571429
"44BD",0.513157894736842,0.386666666666667,0.513157894736842,0.384615384615385,0.444444444444444,0.421052631578947,0.425,0.569620253164557,0.493670886075949,0.135135135135135,0.465753424657534,0.463768115942029,0.397260273972603,0.428571428571429,0.454545454545455,0.65,0,0.5375,0.532467532467532,0.545454545454545,0.460526315789474,0.43421052631579,0.581081081081081,0.130434782608696,0.0909090909090909,0.445945945945946,0.556962025316456,0.378378378378378,0.363636363636364,0.592105263157895,0.28169014084507,0.373333333333333,0.556962025316456,0.36144578313253,0.448717948717949,0.0441176470588235,0.0303030303030303,0.0461538461538462,0.0149253731343284,0.0142857142857143,0.0149253731343284,0.0307692307692308
"F377",0.473684210526316,0.383561643835616,0.473684210526316,0.363636363636364,0.442857142857143,0.381578947368421,0.441558441558442,0.457831325301205,0.474358974358974,0.140845070422535,0.444444444444444,0.420289855072464,0.394366197183099,0.385714285714286,0.313253012048193,0.592592592592593,0.5375,0,0.493506493506494,0.506493506493506,0.52112676056338,0.432432432432432,0.540540540540541,0.102941176470588,0.112903225806452,0.529411764705882,0.538461538461538,0.394366197183099,0.378378378378378,0.493670886075949,0.353846153846154,0.298701298701299,0.463414634146341,0.392405063291139,0.392405063291139,0.0793650793650794,0.0483870967741935,0.0483870967741935,0.0317460317460317,0.0461538461538462,0.015625,0.0491803278688525
"4FE4",0.507042253521127,0.352112676056338,0.465753424657534,0.408450704225352,0.454545454545455,0.515151515151515,0.413333333333333,0.546666666666667,0.358024691358025,0.117647058823529,0.414285714285714,0.5,0.424242424242424,0.415384615384615,0.424657534246575,0.569620253164557,0.532467532467532,0.493506493506494,0,0.460526315789474,0.337662337662338,0.364864864864865,0.535211267605634,0.129032258064516,0.0847457627118644,0.434782608695652,0.474358974358974,0.382352941176471,0.328767123287671,0.527027027027027,0.317460317460317,0.338028169014085,0.455696202531646,0.265060240963855,0.438356164383562,0.0327868852459016,0,0.0169491525423729,0,0.05,0.0169491525423729,0.0172413793103448
"0D1B",0.421052631578947,0.347222222222222,0.5,0.402777777777778,0.385714285714286,0.402777777777778,0.426666666666667,0.5,0.37037037037037,0.149253731343284,0.470588235294118,0.424242424242424,0.439393939393939,0.409090909090909,0.418918918918919,0.5625,0.545454545454545,0.506493506493506,0.460526315789474,0,0.386666666666667,0.5,0.61764705882353,0.109375,0.0483870967741935,0.428571428571429,0.589041095890411,0.376811594202899,0.361111111111111,0.5,0.292307692307692,0.297297297297297,0.487179487179487,0.432432432432432,0.492957746478873,0.0158730158730159,0.0166666666666667,0.0166666666666667,0,0.0158730158730159,0.0517241379310345,0.0169491525423729
"24E9",0.408450704225352,0.348484848484849,0.408450704225352,0.367647058823529,0.435483870967742,0.273972602739726,0.356164383561644,0.43421052631579,0.30379746835443,0.0952380952380952,0.333333333333333,0.365079365079365,0.338461538461538,0.287878787878788,0.293333333333333,0.444444444444444,0.460526315789474,0.52112676056338,0.337662337662338,0.386666666666667,0,0.402985074626866,0.436619718309859,0.166666666666667,0.0961538461538462,0.393939393939394,0.402597402597403,0.359375,0.285714285714286,0.376623376623377,0.357142857142857,0.23943661971831,0.402597402597403,0.306666666666667,0.380281690140845,0.0980392156862745,0.0816326530612245,0.06,0.0392156862745098,0.0566037735849057,0.0392156862745098,0.0612244897959184
"4ECA",0.507692307692308,0.338461538461538,0.484848484848485,0.421875,0.426229508196721,0.4,0.515625,0.445945945945946,0.294871794871795,0.116666666666667,0.428571428571429,0.4,0.545454545454545,0.383333333333333,0.25,0.4375,0.43421052631579,0.432432432432432,0.364864864864865,0.5,0.402985074626866,0,0.538461538461538,0.109090909090909,0.0784313725490196,0.5,0.394736842105263,0.349206349206349,0.313432835820896,0.444444444444444,0.37037037037037,0.228571428571429,0.432432432432432,0.297297297297297,0.352112676056338,0.0588235294117647,0,0.0625,0.0408163265306122,0.0384615384615385,0.0408163265306122,0.0416666666666667
"4C7B",0.582089552238806,0.319444444444444,0.536231884057971,0.5,0.439393939393939,0.523076923076923,0.544117647058823,0.619718309859155,0.397435897435897,0.153846153846154,0.661016949152542,0.642857142857143,0.5,0.378787878787879,0.355263157894737,0.518518518518518,0.581081081081081,0.540540540540541,0.535211267605634,0.61764705882353,0.436619718309859,0.538461538461538,0,0.112903225806452,0.0677966101694915,0.462686567164179,0.52,0.476190476190476,0.352112676056338,0.555555555555556,0.389830508474576,0.27027027027027,0.52,0.368421052631579,0.386666666666667,0.0508474576271186,0.0172413793103448,0.0535714285714286,0.0350877192982456,0.0333333333333333,0.0350877192982456,0.0357142857142857
"22B0",0.0983606557377049,0.12,0.0634920634920635,0.132075471698113,0.12,0.0909090909090909,0.0819672131147541,0.151515151515152,0.129032258064516,0.161290322580645,0.0727272727272727,0.104166666666667,0.08,0.130434782608696,0.230769230769231,0.12,0.130434782608696,0.102941176470588,0.129032258064516,0.109375,0.166666666666667,0.109090909090909,0.112903225806452,0,0.263157894736842,0.0350877192982456,0.171875,0.148936170212766,0.117647058823529,0.123076923076923,0.0238095238095238,0.222222222222222,0.0869565217391304,0.101694915254237,0.120689655172414,0.0454545454545455,0,0,0,0.0952380952380952,0,0
"E063",0.12962962962963,0.111111111111111,0.0517241379310345,0.0384615384615385,0.111111111111111,0.125,0.0909090909090909,0.09375,0.12280701754386,0.2,0.0816326530612245,0.0444444444444444,0.0666666666666667,0.121951219512195,0.115384615384615,0.0833333333333333,0.0909090909090909,0.112903225806452,0.0847457627118644,0.0483870967741935,0.0961538461538462,0.0784313725490196,0.0677966101694915,0.263157894736842,0,0.06,0.0952380952380952,0.116279069767442,0.108695652173913,0.0983606557377049,0.0277777777777778,0.13953488372093,0.078125,0.0535714285714286,0.0727272727272727,0,0,0,0,0,0,0
"076C",0.411764705882353,0.370967741935484,0.476923076923077,0.369230769230769,0.46551724137931,0.348484848484849,0.484375,0.418918918918919,0.269230769230769,0.0833333333333333,0.442622950819672,0.413793103448276,0.456140350877193,0.396551724137931,0.24,0.486842105263158,0.445945945945946,0.529411764705882,0.434782608695652,0.428571428571429,0.393939393939394,0.5,0.462686567164179,0.0350877192982456,0.06,0,0.386666666666667,0.317460317460317,0.303030303030303,0.457142857142857,0.358490566037736,0.150684931506849,0.405405405405405,0.287671232876712,0.342857142857143,0.0612244897959184,0.0425531914893617,0.0652173913043478,0.0208333333333333,0.0196078431372549,0.0425531914893617,0.0434782608695652
"EC1A",0.435897435897436,0.346666666666667,0.473684210526316,0.418918918918919,0.311688311688312,0.438356164383562,0.40506329113924,0.531645569620253,0.474358974358974,0.173913043478261,0.405405405405405,0.420289855072464,0.356164383561644,0.366197183098592,0.43421052631579,0.535714285714286,0.556962025316456,0.538461538461538,0.474358974358974,0.589041095890411,0.402597402597403,0.394736842105263,0.52,0.171875,0.0952380952380952,0.386666666666667,0,0.394366197183099,0.291139240506329,0.45679012345679,0.27536231884058,0.388888888888889,0.44578313253012,0.392405063291139,0.447368421052632,0.0793650793650794,0.0483870967741935,0.0317460317460317,0.015625,0.0793650793650794,0.015625,0.032258064516129
"7C6F",0.491803278688525,0.26984126984127,0.467741935483871,0.272727272727273,0.379310344827586,0.292307692307692,0.384615384615385,0.408450704225352,0.323943661971831,0.153846153846154,0.431034482758621,0.4,0.368421052631579,0.381818181818182,0.313432835820896,0.367088607594937,0.378378378378378,0.394366197183099,0.382352941176471,0.376811594202899,0.359375,0.349206349206349,0.476190476190476,0.148936170212766,0.116279069767442,0.317460317460317,0.394366197183099,0,0.372881355932203,0.366197183098592,0.240740740740741,0.215384615384615,0.356164383561644,0.236111111111111,0.253521126760563,0.0930232558139535,0.0232558139534884,0.0731707317073171,0.0731707317073171,0.0681818181818182,0.0476190476190476,0.048780487804878
"D629",0.382352941176471,0.202898550724638,0.36231884057971,0.208333333333333,0.317460317460317,0.279411764705882,0.273972602739726,0.30379746835443,0.328767123287671,0.166666666666667,0.303030303030303,0.25,0.265625,0.316666666666667,0.28169014084507,0.337349397590361,0.363636363636364,0.378378378378378,0.328767123287671,0.361111111111111,0.285714285714286,0.313432835820896,0.352112676056338,0.117647058823529,0.108695652173913,0.303030303030303,0.291139240506329,0.372881355932203,0,0.428571428571429,0.166666666666667,0.242424242424242,0.378378378378378,0.314285714285714,0.295774647887324,0.0638297872340425,0.0444444444444444,0.0444444444444444,0.0444444444444444,0.0638297872340425,0.0681818181818182,0.0697674418604651
"C5F2",0.486486486486487,0.32,0.466666666666667,0.373333333333333,0.455882352941176,0.391891891891892,0.43421052631579,0.545454545454545,0.4125,0.161764705882353,0.397260273972603,0.454545454545455,0.366197183098592,0.357142857142857,0.445945945945946,0.567901234567901,0.592105263157895,0.493670886075949,0.527027027027027,0.5,0.376623376623377,0.444444444444444,0.555555555555556,0.123076923076923,0.0983606557377049,0.457142857142857,0.45679012345679,0.366197183098592,0.428571428571429,0,0.303030303030303,0.4,0.638888888888889,0.384615384615385,0.44,0.03125,0,0.0327868852459016,0.0327868852459016,0.03125,0.0327868852459016,0.0508474576271186
"C950",0.333333333333333,0.277777777777778,0.35593220338983,0.327272727272727,0.352941176470588,0.303571428571429,0.338983050847458,0.308823529411765,0.257575757575758,0.0425531914893617,0.333333333333333,0.404255319148936,0.395833333333333,0.326530612244898,0.149253731343284,0.328767123287671,0.28169014084507,0.353846153846154,0.317460317460317,0.292307692307692,0.357142857142857,0.37037037037037,0.389830508474576,0.0238095238095238,0.0277777777777778,0.358490566037736,0.27536231884058,0.240740740740741,0.166666666666667,0.303030303030303,0,0.172413793103448,0.294117647058824,0.258064516129032,0.3,0.125,0.0645161290322581,0.0645161290322581,0.0645161290322581,0.0909090909090909,0.0645161290322581,0.103448275862069
"A539",0.243243243243243,0.191176470588235,0.210526315789474,0.180555555555556,0.140845070422535,0.214285714285714,0.181818181818182,0.328947368421053,0.507936507936508,0.22,0.2,0.238095238095238,0.161764705882353,0.184615384615385,0.435483870967742,0.3625,0.373333333333333,0.298701298701299,0.338028169014085,0.297297297297297,0.23943661971831,0.228571428571429,0.27027027027027,0.222222222222222,0.13953488372093,0.150684931506849,0.388888888888889,0.215384615384615,0.242424242424242,0.4,0.172413793103448,0,0.408450704225352,0.451612903225806,0.40625,0.0434782608695652,0.0465116279069767,0,0.0227272727272727,0.0434782608695652,0,0.0232558139534884
"DCCF",0.454545454545455,0.364864864864865,0.493333333333333,0.381578947368421,0.346666666666667,0.381578947368421,0.3875,0.551282051282051,0.4375,0.0945945945945946,0.405405405405405,0.441176470588235,0.394366197183099,0.366197183098592,0.415584415584416,0.573170731707317,0.556962025316456,0.463414634146341,0.455696202531646,0.487179487179487,0.402597402597403,0.432432432432432,0.52,0.0869565217391304,0.078125,0.405405405405405,0.44578313253012,0.356164383561644,0.378378378378378,0.638888888888889,0.294117647058824,0.408450704225352,0,0.486486486486487,0.527777777777778,0.0461538461538462,0.015625,0.0483870967741935,0.0317460317460317,0.0303030303030303,0.0317460317460317,0.0491803278688525
"ACF4",0.275,0.318840579710145,0.342105263157895,0.301369863013699,0.181818181818182,0.233766233766234,0.328947368421053,0.275862068965517,0.567164179104478,0.183333333333333,0.36231884057971,0.294117647058824,0.236111111111111,0.242857142857143,0.356164383561644,0.383720930232558,0.36144578313253,0.392405063291139,0.265060240963855,0.432432432432432,0.306666666666667,0.297297297297297,0.368421052631579,0.101694915254237,0.0535714285714286,0.287671232876712,0.392405063291139,0.236111111111111,0.314285714285714,0.384615384615385,0.258064516129032,0.451612903225806,0.486486486486487,0,0.538461538461538,0.0740740740740741,0.0576923076923077,0.0377358490566038,0.0377358490566038,0.0545454545454545,0.0185185185185185,0.0588235294117647
"15BF",0.36,0.318840579710145,0.416666666666667,0.338028169014085,0.3,0.319444444444444,0.346666666666667,0.40506329113924,0.438356164383562,0.126984126984127,0.323943661971831,0.353846153846154,0.328358208955224,0.359375,0.477611940298507,0.451219512195122,0.448717948717949,0.392405063291139,0.438356164383562,0.492957746478873,0.380281690140845,0.352112676056338,0.386666666666667,0.120689655172414,0.0727272727272727,0.342857142857143,0.447368421052632,0.253521126760563,0.295774647887324,0.44,0.3,0.40625,0.527777777777778,0.538461538461538,0,0.0175438596491228,0,0.0185185185185185,0,0.0175438596491228,0.0185185185185185,0.0188679245283019
"AA3C",0.0526315789473684,0.0425531914893617,0.0344827586206897,0.06,0.0425531914893617,0,0.0350877192982456,0.0147058823529412,0.0677966101694915,0,0.04,0,0.0217391304347826,0.0227272727272727,0,0.0694444444444444,0.0441176470588235,0.0793650793650794,0.0327868852459016,0.0158730158730159,0.0980392156862745,0.0588235294117647,0.0508474576271186,0.0454545454545455,0,0.0612244897959184,0.0793650793650794,0.0930232558139535,0.0638297872340425,0.03125,0.125,0.0434782608695652,0.0461538461538462,0.0740740740740741,0.0175438596491228,0,0.3,0.444444444444444,0.3,0.6,0.0833333333333333,0.333333333333333
"204F",0,0,0,0.0204081632653061,0.0222222222222222,0,0,0.0153846153846154,0.0526315789473684,0,0.0208333333333333,0,0,0.024390243902439,0,0.0422535211267606,0.0303030303030303,0.0483870967741935,0,0.0166666666666667,0.0816326530612245,0,0.0172413793103448,0,0,0.0425531914893617,0.0483870967741935,0.0232558139534884,0.0444444444444444,0,0.0645161290322581,0.0465116279069767,0.015625,0.0576923076923077,0,0.3,0,0.111111111111111,0.111111111111111,0.181818181818182,0.111111111111111,0.125
"9407",0.0555555555555556,0.0222222222222222,0.0363636363636364,0.0204081632653061,0.0454545454545455,0,0.037037037037037,0.0153846153846154,0.0344827586206897,0,0.0425531914893617,0,0.0232558139534884,0.024390243902439,0,0.0422535211267606,0.0461538461538462,0.0483870967741935,0.0169491525423729,0.0166666666666667,0.06,0.0625,0.0535714285714286,0,0,0.0652173913043478,0.0317460317460317,0.0731707317073171,0.0444444444444444,0.0327868852459016,0.0645161290322581,0,0.0483870967741935,0.0377358490566038,0.0185185185185185,0.444444444444444,0.111111111111111,0,0.25,0.181818181818182,0.111111111111111,0.285714285714286
"80F1",0.0363636363636364,0,0.0178571428571429,0.0204081632653061,0.0222222222222222,0,0.0181818181818182,0.0153846153846154,0.0344827586206897,0,0.0208333333333333,0,0,0,0,0.0277777777777778,0.0149253731343284,0.0317460317460317,0,0,0.0392156862745098,0.0408163265306122,0.0350877192982456,0,0,0.0208333333333333,0.015625,0.0731707317073171,0.0444444444444444,0.0327868852459016,0.0645161290322581,0.0227272727272727,0.0317460317460317,0.0377358490566038,0,0.3,0.111111111111111,0.25,0,0.3,0.25,0.5
"CB2B",0.0344827586206897,0.0425531914893617,0.0344827586206897,0.0816326530612245,0.0208333333333333,0,0.0172413793103448,0.0298507462686567,0.05,0,0.0196078431372549,0,0.0217391304347826,0.0465116279069767,0.0178571428571429,0.0405405405405405,0.0142857142857143,0.0461538461538462,0.05,0.0158730158730159,0.0566037735849057,0.0384615384615385,0.0333333333333333,0.0952380952380952,0,0.0196078431372549,0.0793650793650794,0.0681818181818182,0.0638297872340425,0.03125,0.0909090909090909,0.0434782608695652,0.0303030303030303,0.0545454545454545,0.0175438596491228,0.6,0.181818181818182,0.181818181818182,0.3,0,0.181818181818182,0.333333333333333
"898A",0.0178571428571429,0.0222222222222222,0.0178571428571429,0.0204081632653061,0.0454545454545455,0,0.0181818181818182,0.0153846153846154,0.0169491525423729,0,0.0208333333333333,0,0.0476190476190476,0.024390243902439,0,0.0136986301369863,0.0149253731343284,0.015625,0.0169491525423729,0.0517241379310345,0.0392156862745098,0.0408163265306122,0.0350877192982456,0,0,0.0425531914893617,0.015625,0.0476190476190476,0.0681818181818182,0.0327868852459016,0.0645161290322581,0,0.0317460317460317,0.0185185185185185,0.0185185185185185,0.0833333333333333,0.111111111111111,0.111111111111111,0.25,0.181818181818182,0,0.285714285714286
"5939",0.037037037037037,0.0227272727272727,0.0181818181818182,0.0425531914893617,0.0465116279069767,0,0.0377358490566038,0,0.0535714285714286,0,0.0434782608695652,0,0.0238095238095238,0.025,0,0.0428571428571429,0.0307692307692308,0.0491803278688525,0.0172413793103448,0.0169491525423729,0.0612244897959184,0.0416666666666667,0.0357142857142857,0,0,0.0434782608695652,0.032258064516129,0.048780487804878,0.0697674418604651,0.0508474576271186,0.103448275862069,0.0232558139534884,0.0491803278688525,0.0588235294117647,0.0188679245283019,0.333333333333333,0.125,0.285714285714286,0.5,0.333333333333333,0.285714285714286,0
