"","0D1B","1731","6D0D","D726","2C18","07F9","3D98","B587","377E","3CA1","3F49","4ECA","39ED","B75C","AC35","AA57","5108","52AD","BF04","5672","4FE4","4C7B","41C1","22B0","29B2","5ACA","C950","E063","EE00","076C","6BD8","879F","9E17","24E9"
"0D1B",0,0.257142857142857,0.268292682926829,0.41025641025641,0.325,0.196078431372549,0.133333333333333,0.282608695652174,0.288888888888889,0.303030303030303,0.319148936170213,0.326086956521739,0.235294117647059,0.317073170731707,0.295454545454545,0.355555555555556,0.395348837209302,0.408163265306122,0.365384615384615,0.5,0.340425531914894,0.236363636363636,0.288888888888889,0.475,0.254901960784314,0.454545454545455,0.2,0.235294117647059,0.245614035087719,0.313725490196078,0.288888888888889,0.38,0.25,0.307692307692308
"1731",0.257142857142857,0,0.1875,0.242424242424242,0.258064516129032,0.27027027027027,0.0526315789473684,0.363636363636364,0.257142857142857,0.526315789473684,0.263157894736842,0.119047619047619,0.225,0.379310344827586,0.228571428571429,0.27027027027027,0.314285714285714,0.25,0.239130434782609,0.34375,0.225,0.285714285714286,0.222222222222222,0.216216216216216,0.25,0.31578947368421,0.234042553191489,0.166666666666667,0.212765957446809,0.204545454545455,0.222222222222222,0.195652173913043,0.192307692307692,0.15625
"6D0D",0.268292682926829,0.1875,0,0.289473684210526,0.27027027027027,0.375,0.12,0.292682926829268,0.333333333333333,0.193548387096774,0.272727272727273,0.341463414634146,0.325581395348837,0.263157894736842,0.214285714285714,0.41025641025641,0.285714285714286,0.369565217391304,0.382978723404255,0.378378378378378,0.390243902439024,0.476190476190476,0.444444444444444,0.204545454545455,0.288888888888889,0.318181818181818,0.269230769230769,0.295454545454545,0.326530612244898,0.418604651162791,0.405405405405405,0.235294117647059,0.258064516129032,0.216216216216216
"D726",0.41025641025641,0.242424242424242,0.289473684210526,0,0.25,0.318181818181818,0.107142857142857,0.473684210526316,0.25,0.290322580645161,0.311111111111111,0.348837209302326,0.363636363636364,0.342105263157895,0.227272727272727,0.318181818181818,0.390243902439024,0.375,0.333333333333333,0.421052631578947,0.395348837209302,0.326530612244898,0.30952380952381,0.4,0.355555555555556,0.452380952380952,0.30188679245283,0.363636363636364,0.283018867924528,0.28,0.41025641025641,0.346938775510204,0.4,0.454545454545455
"2C18",0.325,0.258064516129032,0.27027027027027,0.25,0,0.4,0.0740740740740741,0.421052631578947,0.472222222222222,0.225806451612903,0.357142857142857,0.333333333333333,0.380952380952381,0.53125,0.333333333333333,0.4,0.30952380952381,0.454545454545455,0.375,0.368421052631579,0.487179487179487,0.369565217391304,0.472222222222222,0.421052631578947,0.25531914893617,0.340909090909091,0.34,0.318181818181818,0.269230769230769,0.409090909090909,0.232558139534884,0.230769230769231,0.212121212121212,0.277777777777778
"07F9",0.196078431372549,0.27027027027027,0.375,0.318181818181818,0.4,0,0.0277777777777778,0.409090909090909,0.326086956521739,0.277777777777778,0.511627906976744,0.333333333333333,0.434782608695652,0.5,0.363636363636364,0.422222222222222,0.340425531914894,0.565217391304348,0.345454545454545,0.395348837209302,0.404255319148936,0.543478260869565,0.418604651162791,0.319148936170213,0.313725490196078,0.395833333333333,0.442307692307692,0.32,0.450980392156863,0.48936170212766,0.297872340425532,0.285714285714286,0.263157894736842,0.384615384615385
"3D98",0.133333333333333,0.0526315789473684,0.12,0.107142857142857,0.0740740740740741,0.0277777777777778,0,0.0294117647058824,0.0967741935483871,0.117647058823529,0.027027027027027,0.0882352941176471,0.0540540540540541,0.0714285714285714,0.03125,0.0882352941176471,0.0588235294117647,0.0714285714285714,0.0930232558139535,0.1,0.0833333333333333,0.0476190476190476,0.0625,0.09375,0.0526315789473684,0.0526315789473684,0.0212765957446809,0.0263157894736842,0.0444444444444444,0.075,0.0967741935483871,0.0465116279069767,0.105263157894737,0.0384615384615385
"B587",0.282608695652174,0.363636363636364,0.292682926829268,0.473684210526316,0.421052631578947,0.409090909090909,0.0294117647058824,0,0.372093023255814,0.294117647058824,0.4,0.409090909090909,0.391304347826087,0.447368421052632,0.318181818181818,0.476190476190476,0.386363636363636,0.428571428571429,0.333333333333333,0.45,0.488372093023256,0.468085106382979,0.404761904761905,0.304347826086957,0.41304347826087,0.382978723404255,0.520833333333333,0.306122448979592,0.285714285714286,0.36,0.25531914893617,0.25,0.314285714285714,0.333333333333333
"377E",0.288888888888889,0.257142857142857,0.333333333333333,0.25,0.472222222222222,0.326086956521739,0.0967741935483871,0.372093023255814,0,0.162162162162162,0.319148936170213,0.270833333333333,0.369565217391304,0.421052631578947,0.325581395348837,0.386363636363636,0.224489795918367,0.5,0.392156862745098,0.425,0.465116279069767,0.446808510638298,0.380952380952381,0.340909090909091,0.333333333333333,0.361702127659574,0.411764705882353,0.4,0.392156862745098,0.456521739130435,0.348837209302326,0.30188679245283,0.25,0.133333333333333
"3CA1",0.303030303030303,0.526315789473684,0.193548387096774,0.290322580645161,0.225806451612903,0.277777777777778,0.117647058823529,0.294117647058824,0.162162162162162,0,0.27027027027027,0.17948717948718,0.2,0.3,0.166666666666667,0.314285714285714,0.285714285714286,0.2,0.244444444444444,0.4,0.263157894736842,0.204545454545455,0.228571428571429,0.257142857142857,0.256410256410256,0.225,0.163265306122449,0.142857142857143,0.191489361702128,0.209302325581395,0.228571428571429,0.173913043478261,0.25,0.2
"3F49",0.319148936170213,0.263157894736842,0.272727272727273,0.311111111111111,0.357142857142857,0.511627906976744,0.027027027027027,0.4,0.319148936170213,0.27027027027027,0,0.25,0.34,0.414634146341463,0.452380952380952,0.382978723404255,0.391304347826087,0.553191489361702,0.31578947368421,0.418604651162791,0.425531914893617,0.469387755102041,0.409090909090909,0.340425531914894,0.307692307692308,0.387755102040816,0.407407407407407,0.313725490196078,0.31578947368421,0.479166666666667,0.215686274509804,0.216666666666667,0.166666666666667,0.30952380952381
"4ECA",0.326086956521739,0.119047619047619,0.341463414634146,0.348837209302326,0.333333333333333,0.333333333333333,0.0882352941176471,0.409090909090909,0.270833333333333,0.17948717948718,0.25,0,0.269230769230769,0.266666666666667,0.224489795918367,0.422222222222222,0.285714285714286,0.384615384615385,0.321428571428571,0.333333333333333,0.404255319148936,0.365384615384615,0.386363636363636,0.291666666666667,0.425531914893617,0.34,0.388888888888889,0.245283018867925,0.298245614035088,0.458333333333333,0.297872340425532,0.309090909090909,0.297297297297297,0.285714285714286
"39ED",0.235294117647059,0.225,0.325581395348837,0.363636363636364,0.380952380952381,0.434782608695652,0.0540540540540541,0.391304347826087,0.369565217391304,0.2,0.34,0.269230769230769,0,0.475,0.347826086956522,0.346938775510204,0.382978723404255,0.450980392156863,0.461538461538462,0.409090909090909,0.446808510638298,0.489795918367347,0.4,0.422222222222222,0.4375,0.38,0.425925925925926,0.446808510638298,0.461538461538462,0.358490566037736,0.369565217391304,0.275862068965517,0.31578947368421,0.244444444444444
"B75C",0.317073170731707,0.379310344827586,0.263157894736842,0.342105263157895,0.53125,0.5,0.0714285714285714,0.447368421052632,0.421052631578947,0.3,0.414634146341463,0.266666666666667,0.475,0,0.432432432432432,0.390243902439024,0.302325581395349,0.511627906976744,0.36734693877551,0.472222222222222,0.340909090909091,0.488372093023256,0.421052631578947,0.41025641025641,0.363636363636364,0.395348837209302,0.387755102040816,0.340909090909091,0.34,0.4,0.317073170731707,0.3,0.32258064516129,0.305555555555556
"AC35",0.295454545454545,0.228571428571429,0.214285714285714,0.227272727272727,0.333333333333333,0.363636363636364,0.03125,0.318181818181818,0.325581395348837,0.166666666666667,0.452380952380952,0.224489795918367,0.347826086956522,0.432432432432432,0,0.25,0.340909090909091,0.36,0.272727272727273,0.365853658536585,0.291666666666667,0.313725490196078,0.390243902439024,0.318181818181818,0.235294117647059,0.26,0.290909090909091,0.26530612244898,0.25,0.32,0.212765957446809,0.307692307692308,0.189189189189189,0.25
"AA57",0.355555555555556,0.27027027027027,0.41025641025641,0.318181818181818,0.4,0.422222222222222,0.0882352941176471,0.476190476190476,0.386363636363636,0.314285714285714,0.382978723404255,0.422222222222222,0.346938775510204,0.390243902439024,0.25,0,0.4,0.469387755102041,0.345454545454545,0.538461538461538,0.571428571428571,0.392156862745098,0.452380952380952,0.441860465116279,0.522727272727273,0.395833333333333,0.470588235294118,0.269230769230769,0.345454545454545,0.590909090909091,0.386363636363636,0.333333333333333,0.297297297297297,0.227272727272727
"5108",0.395348837209302,0.314285714285714,0.285714285714286,0.390243902439024,0.30952380952381,0.340425531914894,0.0588235294117647,0.386363636363636,0.224489795918367,0.285714285714286,0.391304347826087,0.285714285714286,0.382978723404255,0.302325581395349,0.340909090909091,0.4,0,0.392156862745098,0.489795918367347,0.475,0.382978723404255,0.320754716981132,0.463414634146341,0.452380952380952,0.346938775510204,0.434782608695652,0.233333333333333,0.326530612244898,0.377358490566038,0.408163265306122,0.363636363636364,0.339622641509434,0.305555555555556,0.292682926829268
"52AD",0.408163265306122,0.25,0.369565217391304,0.375,0.454545454545455,0.565217391304348,0.0714285714285714,0.428571428571429,0.5,0.2,0.553191489361702,0.384615384615385,0.450980392156863,0.511627906976744,0.36,0.469387755102041,0.392156862745098,0,0.547169811320755,0.545454545454545,0.510204081632653,0.58,0.4375,0.458333333333333,0.31578947368421,0.530612244897959,0.456140350877193,0.423076923076923,0.464285714285714,0.56,0.326923076923077,0.379310344827586,0.244444444444444,0.291666666666667
"BF04",0.365384615384615,0.239130434782609,0.382978723404255,0.333333333333333,0.375,0.345454545454545,0.0930232558139535,0.333333333333333,0.392156862745098,0.244444444444444,0.31578947368421,0.321428571428571,0.461538461538462,0.36734693877551,0.272727272727273,0.345454545454545,0.489795918367347,0.547169811320755,0,0.458333333333333,0.433962264150943,0.557692307692308,0.51063829787234,0.44,0.350877192982456,0.452830188679245,0.349206349206349,0.433962264150943,0.584905660377358,0.454545454545455,0.42,0.344262295081967,0.288888888888889,0.230769230769231
"5672",0.5,0.34375,0.378378378378378,0.421052631578947,0.368421052631579,0.395348837209302,0.1,0.45,0.425,0.4,0.418604651162791,0.333333333333333,0.409090909090909,0.472222222222222,0.365853658536585,0.538461538461538,0.475,0.545454545454545,0.458333333333333,0,0.51219512195122,0.395833333333333,0.425,0.45,0.369565217391304,0.465116279069767,0.314814814814815,0.291666666666667,0.346153846153846,0.434782608695652,0.390243902439024,0.36,0.375,0.25
"4FE4",0.340425531914894,0.225,0.390243902439024,0.395348837209302,0.487179487179487,0.404255319148936,0.0833333333333333,0.488372093023256,0.465116279069767,0.263157894736842,0.425531914893617,0.404255319148936,0.446808510638298,0.340909090909091,0.291666666666667,0.571428571428571,0.382978723404255,0.510204081632653,0.433962264150943,0.51219512195122,0,0.46,0.431818181818182,0.422222222222222,0.4375,0.352941176470588,0.452830188679245,0.36,0.357142857142857,0.565217391304348,0.340425531914894,0.298245614035088,0.351351351351351,0.272727272727273
"4C7B",0.236363636363636,0.285714285714286,0.476190476190476,0.326530612244898,0.369565217391304,0.543478260869565,0.0476190476190476,0.468085106382979,0.446808510638298,0.204545454545455,0.469387755102041,0.365384615384615,0.489795918367347,0.488372093023256,0.313725490196078,0.392156862745098,0.320754716981132,0.58,0.557692307692308,0.395833333333333,0.46,0,0.446808510638298,0.277777777777778,0.450980392156863,0.423076923076923,0.576923076923077,0.431372549019608,0.5,0.54,0.416666666666667,0.274193548387097,0.30952380952381,0.270833333333333
"41C1",0.288888888888889,0.222222222222222,0.444444444444444,0.30952380952381,0.472222222222222,0.418604651162791,0.0625,0.404761904761905,0.380952380952381,0.228571428571429,0.409090909090909,0.386363636363636,0.4,0.421052631578947,0.390243902439024,0.452380952380952,0.463414634146341,0.4375,0.51063829787234,0.425,0.431818181818182,0.446808510638298,0,0.404761904761905,0.391304347826087,0.361702127659574,0.384615384615385,0.3125,0.365384615384615,0.488888888888889,0.348837209302326,0.30188679245283,0.285714285714286,0.307692307692308
"22B0",0.475,0.216216216216216,0.204545454545455,0.4,0.421052631578947,0.319148936170213,0.09375,0.304347826086957,0.340909090909091,0.257142857142857,0.340425531914894,0.291666666666667,0.422222222222222,0.41025641025641,0.318181818181818,0.441860465116279,0.452380952380952,0.458333333333333,0.44,0.45,0.422222222222222,0.277777777777778,0.404761904761905,0,0.41304347826087,0.382978723404255,0.327272727272727,0.361702127659574,0.411764705882353,0.446808510638298,0.311111111111111,0.4,0.243243243243243,0.268292682926829
"29B2",0.254901960784314,0.25,0.288888888888889,0.355555555555556,0.25531914893617,0.313725490196078,0.0526315789473684,0.41304347826087,0.333333333333333,0.256410256410256,0.307692307692308,0.425531914893617,0.4375,0.363636363636364,0.235294117647059,0.522727272727273,0.346938775510204,0.31578947368421,0.350877192982456,0.369565217391304,0.4375,0.450980392156863,0.391304347826087,0.41304347826087,0,0.346153846153846,0.56,0.4375,0.4,0.489795918367347,0.488372093023256,0.363636363636364,0.342105263157895,0.1875
"5ACA",0.454545454545455,0.31578947368421,0.318181818181818,0.452380952380952,0.340909090909091,0.395833333333333,0.0526315789473684,0.382978723404255,0.361702127659574,0.225,0.387755102040816,0.34,0.38,0.395348837209302,0.26,0.395833333333333,0.434782608695652,0.530612244897959,0.452830188679245,0.465116279069767,0.352941176470588,0.423076923076923,0.361702127659574,0.382978723404255,0.346153846153846,0,0.344827586206897,0.38,0.375,0.351851851851852,0.391304347826087,0.415094339622642,0.275,0.295454545454545
"C950",0.2,0.234042553191489,0.269230769230769,0.30188679245283,0.34,0.442307692307692,0.0212765957446809,0.520833333333333,0.411764705882353,0.163265306122449,0.407407407407407,0.388888888888889,0.425925925925926,0.387755102040816,0.290909090909091,0.470588235294118,0.233333333333333,0.456140350877193,0.349206349206349,0.314814814814815,0.452830188679245,0.576923076923077,0.384615384615385,0.327272727272727,0.56,0.344827586206897,0,0.452830188679245,0.416666666666667,0.472727272727273,0.333333333333333,0.383333333333333,0.25531914893617,0.226415094339623
"E063",0.235294117647059,0.166666666666667,0.295454545454545,0.363636363636364,0.318181818181818,0.32,0.0263157894736842,0.306122448979592,0.4,0.142857142857143,0.313725490196078,0.245283018867925,0.446808510638298,0.340909090909091,0.26530612244898,0.269230769230769,0.326530612244898,0.423076923076923,0.433962264150943,0.291666666666667,0.36,0.431372549019608,0.3125,0.361702127659574,0.4375,0.38,0.452830188679245,0,0.52,0.358490566037736,0.465116279069767,0.345454545454545,0.25,0.166666666666667
"EE00",0.245614035087719,0.212765957446809,0.326530612244898,0.283018867924528,0.269230769230769,0.450980392156863,0.0444444444444444,0.285714285714286,0.392156862745098,0.191489361702128,0.31578947368421,0.298245614035088,0.461538461538462,0.34,0.25,0.345454545454545,0.377358490566038,0.464285714285714,0.584905660377358,0.346153846153846,0.357142857142857,0.5,0.365384615384615,0.411764705882353,0.4,0.375,0.416666666666667,0.52,0,0.403508771929825,0.448979591836735,0.344262295081967,0.234042553191489,0.163636363636364
"076C",0.313725490196078,0.204545454545455,0.418604651162791,0.28,0.409090909090909,0.48936170212766,0.075,0.36,0.456521739130435,0.209302325581395,0.479166666666667,0.458333333333333,0.358490566037736,0.4,0.32,0.590909090909091,0.408163265306122,0.56,0.454545454545455,0.434782608695652,0.565217391304348,0.54,0.488888888888889,0.446808510638298,0.489795918367347,0.351851851851852,0.472727272727273,0.358490566037736,0.403508771929825,0,0.36734693877551,0.344827586206897,0.285714285714286,0.276595744680851
"6BD8",0.288888888888889,0.222222222222222,0.405405405405405,0.41025641025641,0.232558139534884,0.297872340425532,0.0967741935483871,0.25531914893617,0.348837209302326,0.228571428571429,0.215686274509804,0.297872340425532,0.369565217391304,0.317073170731707,0.212765957446809,0.386363636363636,0.363636363636364,0.326923076923077,0.42,0.390243902439024,0.340425531914894,0.416666666666667,0.348837209302326,0.311111111111111,0.488372093023256,0.391304347826087,0.333333333333333,0.465116279069767,0.448979591836735,0.36734693877551,0,0.408163265306122,0.451612903225806,0.186046511627907
"879F",0.38,0.195652173913043,0.235294117647059,0.346938775510204,0.230769230769231,0.285714285714286,0.0465116279069767,0.25,0.30188679245283,0.173913043478261,0.216666666666667,0.309090909090909,0.275862068965517,0.3,0.307692307692308,0.333333333333333,0.339622641509434,0.379310344827586,0.344262295081967,0.36,0.298245614035088,0.274193548387097,0.30188679245283,0.4,0.363636363636364,0.415094339622642,0.383333333333333,0.345454545454545,0.344262295081967,0.344827586206897,0.408163265306122,0,0.272727272727273,0.24
"9E17",0.25,0.192307692307692,0.258064516129032,0.4,0.212121212121212,0.263157894736842,0.105263157894737,0.314285714285714,0.25,0.25,0.166666666666667,0.297297297297297,0.31578947368421,0.32258064516129,0.189189189189189,0.297297297297297,0.305555555555556,0.244444444444444,0.288888888888889,0.375,0.351351351351351,0.30952380952381,0.285714285714286,0.243243243243243,0.342105263157895,0.275,0.25531914893617,0.25,0.234042553191489,0.285714285714286,0.451612903225806,0.272727272727273,0,0.266666666666667
"24E9",0.307692307692308,0.15625,0.216216216216216,0.454545454545455,0.277777777777778,0.384615384615385,0.0384615384615385,0.333333333333333,0.133333333333333,0.2,0.30952380952381,0.285714285714286,0.244444444444444,0.305555555555556,0.25,0.227272727272727,0.292682926829268,0.291666666666667,0.230769230769231,0.25,0.272727272727273,0.270833333333333,0.307692307692308,0.268292682926829,0.1875,0.295454545454545,0.226415094339623,0.166666666666667,0.163636363636364,0.276595744680851,0.186046511627907,0.24,0.266666666666667,0
