"","1731","377E","24E9","4ECA","39ED","B75C","BF04","4FE4","4C7B","41C1","22B0","29B2","076C","879F","EC1A","663E","D14D","7C6F","0758","F44A","DCCF","F377","D629","C5F2","15BF","80F1","5909","B8A2","1958","A24D","2D31","B1E3","44BD","ACF4","AA3C","CB2B","5939","0255","A5EF","A539"
"1731",0,0.285714285714286,0.241379310344828,0.363636363636364,0.238095238095238,0.428571428571429,0.5,0.32258064516129,0.384615384615385,0.32,0.347826086956522,0.259259259259259,0.296296296296296,0.391304347826087,0.37037037037037,0.307692307692308,0.428571428571429,0.55,0.285714285714286,0.32258064516129,0.285714285714286,0.333333333333333,0.3125,0.166666666666667,0.1875,0.185185185185185,0.19047619047619,0.3125,0.217391304347826,0.1875,0.257142857142857,0.259259259259259,0.5,0.0588235294117647,0.277777777777778,0.235294117647059,0.266666666666667,0.222222222222222,0.4,0.0666666666666667
"377E",0.285714285714286,0,0.62962962962963,0.225806451612903,0.259259259259259,0.357142857142857,0.166666666666667,0.633333333333333,0.62962962962963,0.518518518518518,0.3,0.68,0.653846153846154,0.481481481481481,0.730769230769231,0.615384615384615,0.52,0.3,0.62962962962963,0.580645161290323,0.458333333333333,0.517241379310345,0.666666666666667,0.208333333333333,0.08,0.6,0.434782608695652,0.666666666666667,0.44,0.444444444444444,0.67741935483871,0.75,0.296296296296296,0.0833333333333333,0.192307692307692,0.16,0.08,0.28125,0.16,0.0909090909090909
"24E9",0.241379310344828,0.62962962962963,0,0.310344827586207,0.172413793103448,0.310344827586207,0.206896551724138,0.580645161290323,0.692307692307692,0.576923076923077,0.392857142857143,0.68,0.653846153846154,0.481481481481481,0.551724137931034,0.68,0.461538461538462,0.392857142857143,0.62962962962963,0.580645161290323,0.346153846153846,0.692307692307692,0.666666666666667,0.16,0.08,0.538461538461538,0.375,0.666666666666667,0.44,0.511627906976744,0.625,0.555555555555556,0.296296296296296,0.0833333333333333,0.107142857142857,0.16,0.08,0.205882352941176,0.16,0.0434782608695652
"4ECA",0.363636363636364,0.225806451612903,0.310344827586207,0,0.217391304347826,0.333333333333333,0.260869565217391,0.194444444444444,0.266666666666667,0.346153846153846,0.222222222222222,0.241379310344828,0.233333333333333,0.214285714285714,0.3,0.285714285714286,0.391304347826087,0.434782608695652,0.225806451612903,0.194444444444444,0.208333333333333,0.407407407407407,0.257142857142857,0,0.105263157894737,0.214285714285714,0.173913043478261,0.294117647058824,0.153846153846154,0.25531914893617,0.210526315789474,0.285714285714286,0.318181818181818,0.111111111111111,0.136363636363636,0.15,0.105263157894737,0.25,0.15,0
"39ED",0.238095238095238,0.259259259259259,0.172413793103448,0.217391304347826,0,0.333333333333333,0.470588235294118,0.21875,0.259259259259259,0.192307692307692,0.208333333333333,0.230769230769231,0.178571428571429,0.2,0.296296296296296,0.28,0.473684210526316,0.208333333333333,0.307692307692308,0.21875,0.19047619047619,0.259259259259259,0.212121212121212,0.266666666666667,0.214285714285714,0.25,0.210526315789474,0.212121212121212,0.181818181818182,0.145833333333333,0.235294117647059,0.230769230769231,0.19047619047619,0.142857142857143,0.166666666666667,0.266666666666667,0.0625,0.148148148148148,0.117647058823529,0
"B75C",0.428571428571429,0.357142857142857,0.310344827586207,0.333333333333333,0.333333333333333,0,0.318181818181818,0.34375,0.407407407407407,0.346153846153846,0.178571428571429,0.333333333333333,0.321428571428571,0.36,0.444444444444444,0.5,0.454545454545455,0.434782608695652,0.407407407407407,0.387096774193548,0.16,0.357142857142857,0.333333333333333,0.0952380952380952,0.105263157894737,0.307692307692308,0.5,0.333333333333333,0.428571428571429,0.25531914893617,0.314285714285714,0.384615384615385,0.45,0.111111111111111,0.136363636363636,0.277777777777778,0.105263157894737,0.25,0.15,0.0588235294117647
"BF04",0.5,0.166666666666667,0.206896551724138,0.260869565217391,0.470588235294118,0.318181818181818,0,0.212121212121212,0.25,0.230769230769231,0.2,0.178571428571429,0.172413793103448,0.24,0.241379310344828,0.269230769230769,0.318181818181818,0.428571428571429,0.25,0.25,0.181818181818182,0.296296296296296,0.171428571428571,0.176470588235294,0.384615384615385,0.148148148148148,0.0909090909090909,0.205882352941176,0.08,0.142857142857143,0.194444444444444,0.178571428571429,0.444444444444444,0.0625,0.222222222222222,0.25,0.285714285714286,0.230769230769231,0.428571428571429,0
"4FE4",0.32258064516129,0.633333333333333,0.580645161290323,0.194444444444444,0.21875,0.34375,0.212121212121212,0,0.689655172413793,0.533333333333333,0.517241379310345,0.620689655172414,0.6,0.607142857142857,0.612903225806452,0.566666666666667,0.482758620689655,0.294117647058824,0.689655172413793,0.741935483870968,0.379310344827586,0.53125,0.71875,0.214285714285714,0.0666666666666667,0.607142857142857,0.407407407407407,0.666666666666667,0.464285714285714,0.48936170212766,0.78125,0.620689655172414,0.212121212121212,0.0333333333333333,0.2,0.172413793103448,0.0666666666666667,0.243243243243243,0.133333333333333,0.0740740740740741
"4C7B",0.384615384615385,0.62962962962963,0.692307692307692,0.266666666666667,0.259259259259259,0.407407407407407,0.25,0.689655172413793,0,0.576923076923077,0.5,0.68,0.592592592592593,0.538461538461538,0.666666666666667,0.826086956521739,0.583333333333333,0.344827586206897,0.692307692307692,0.580645161290323,0.296296296296296,0.571428571428571,0.724137931034483,0.16,0.08,0.481481481481481,0.5,0.724137931034483,0.636363636363636,0.477272727272727,0.625,0.615384615384615,0.296296296296296,0.0833333333333333,0.107142857142857,0.16,0.08,0.171428571428571,0.16,0.0909090909090909
"41C1",0.32,0.518518518518518,0.576923076923077,0.346153846153846,0.192307692307692,0.346153846153846,0.230769230769231,0.533333333333333,0.576923076923077,0,0.5,0.444444444444444,0.6,0.608695652173913,0.448275862068966,0.625,0.458333333333333,0.5,0.518518518518518,0.4375,0.454545454545455,0.413793103448276,0.516129032258065,0.238095238095238,0.0909090909090909,0.423076923076923,0.363636363636364,0.566666666666667,0.32,0.441860465116279,0.484848484848485,0.56,0.28,0.0952380952380952,0.166666666666667,0.3,0.0909090909090909,0.266666666666667,0.181818181818182,0.105263157894737
"22B0",0.347826086956522,0.3,0.392857142857143,0.222222222222222,0.208333333333333,0.178571428571429,0.2,0.517241379310345,0.5,0.5,0,0.321428571428571,0.461538461538462,0.590909090909091,0.428571428571429,0.37037037037037,0.434782608695652,0.36,0.444444444444444,0.466666666666667,0.363636363636364,0.344827586206897,0.5,0.2,0.0476190476190476,0.4,0.217391304347826,0.5,0.24,0.333333333333333,0.46875,0.321428571428571,0.111111111111111,0.105263157894737,0.181818181818182,0.2,0.0476190476190476,0.2,0.2,0.0555555555555556
"29B2",0.259259259259259,0.68,0.68,0.241379310344828,0.230769230769231,0.333333333333333,0.178571428571429,0.620689655172414,0.68,0.444444444444444,0.321428571428571,0,0.576923076923077,0.461538461538462,0.592592592592593,0.6,0.5,0.233333333333333,0.615384615384615,0.46875,0.32,0.555555555555556,0.6,0.227272727272727,0.0869565217391304,0.52,0.409090909090909,0.6,0.478260869565217,0.431818181818182,0.515151515151515,0.6,0.269230769230769,0.0434782608695652,0.208333333333333,0.173913043478261,0.0869565217391304,0.181818181818182,0.173913043478261,0.1
"076C",0.296296296296296,0.653846153846154,0.653846153846154,0.233333333333333,0.178571428571429,0.321428571428571,0.172413793103448,0.6,0.592592592592593,0.6,0.461538461538462,0.576923076923077,0,0.625,0.692307692307692,0.576923076923077,0.423076923076923,0.407407407407407,0.592592592592593,0.655172413793103,0.478260869565217,0.482758620689655,0.689655172413793,0.217391304347826,0.0833333333333333,0.5,0.333333333333333,0.580645161290323,0.4,0.488372093023256,0.645161290322581,0.576923076923077,0.307692307692308,0.0869565217391304,0.25,0.217391304347826,0.0833333333333333,0.333333333333333,0.217391304347826,0.0952380952380952
"879F",0.391304347826087,0.481481481481481,0.481481481481481,0.214285714285714,0.2,0.36,0.24,0.607142857142857,0.538461538461538,0.608695652173913,0.590909090909091,0.461538461538462,0.625,0,0.518518518518518,0.52,0.478260869565217,0.346153846153846,0.6,0.551724137931034,0.347826086956522,0.379310344827586,0.586206896551724,0.25,0.0952380952380952,0.5,0.45,0.533333333333333,0.391304347826087,0.386363636363636,0.548387096774194,0.461538461538462,0.24,0.0476190476190476,0.227272727272727,0.25,0.0952380952380952,0.193548387096774,0.25,0.0526315789473684
"EC1A",0.37037037037037,0.730769230769231,0.551724137931034,0.3,0.296296296296296,0.444444444444444,0.241379310344828,0.612903225806452,0.666666666666667,0.448275862068966,0.428571428571429,0.592592592592593,0.692307692307692,0.518518518518518,0,0.592592592592593,0.625,0.379310344827586,0.607142857142857,0.666666666666667,0.44,0.551724137931034,0.7,0.153846153846154,0.0769230769230769,0.576923076923077,0.416666666666667,0.7,0.423076923076923,0.466666666666667,0.606060606060606,0.592592592592593,0.333333333333333,0.08,0.230769230769231,0.2,0.0769230769230769,0.3125,0.2,0.0869565217391304
"663E",0.307692307692308,0.615384615384615,0.68,0.285714285714286,0.28,0.5,0.269230769230769,0.566666666666667,0.826086956521739,0.625,0.37037037037037,0.6,0.576923076923077,0.52,0.592592592592593,0,0.565217391304348,0.423076923076923,0.75,0.566666666666667,0.269230769230769,0.555555555555556,0.6,0.125,0.0869565217391304,0.461538461538462,0.55,0.6,0.619047619047619,0.465116279069767,0.612903225806452,0.6,0.375,0.0909090909090909,0.0740740740740741,0.227272727272727,0.0869565217391304,0.21875,0.173913043478261,0.0476190476190476
"D14D",0.428571428571429,0.52,0.461538461538462,0.391304347826087,0.473684210526316,0.454545454545455,0.318181818181818,0.482758620689655,0.583333333333333,0.458333333333333,0.434782608695652,0.5,0.423076923076923,0.478260869565217,0.625,0.565217391304348,0,0.375,0.583333333333333,0.433333333333333,0.318181818181818,0.583333333333333,0.466666666666667,0.210526315789474,0.105263157894737,0.478260869565217,0.421052631578947,0.466666666666667,0.363636363636364,0.311111111111111,0.4375,0.5,0.260869565217391,0.111111111111111,0.19047619047619,0.277777777777778,0.105263157894737,0.206896551724138,0.210526315789474,0
"7C6F",0.55,0.3,0.392857142857143,0.434782608695652,0.208333333333333,0.434782608695652,0.428571428571429,0.294117647058824,0.344827586206897,0.5,0.36,0.233333333333333,0.407407407407407,0.346153846153846,0.379310344827586,0.423076923076923,0.375,0,0.392857142857143,0.375,0.304347826086957,0.392857142857143,0.323529411764706,0.142857142857143,0.157894736842105,0.25,0.166666666666667,0.323529411764706,0.148148148148148,0.276595744680851,0.342857142857143,0.321428571428571,0.578947368421053,0.105263157894737,0.238095238095238,0.263157894736842,0.222222222222222,0.44,0.411764705882353,0.0555555555555556
"0758",0.285714285714286,0.62962962962963,0.62962962962963,0.225806451612903,0.307692307692308,0.407407407407407,0.25,0.689655172413793,0.692307692307692,0.518518518518518,0.444444444444444,0.615384615384615,0.592592592592593,0.6,0.607142857142857,0.75,0.583333333333333,0.392857142857143,0,0.633333333333333,0.296296296296296,0.62962962962963,0.5625,0.16,0.08,0.538461538461538,0.5,0.612903225806452,0.5,0.444444444444444,0.733333333333333,0.68,0.25,0.0833333333333333,0.192307692307692,0.16,0.08,0.205882352941176,0.208333333333333,0.0434782608695652
"F44A",0.32258064516129,0.580645161290323,0.580645161290323,0.194444444444444,0.21875,0.387096774193548,0.25,0.741935483870968,0.580645161290323,0.4375,0.466666666666667,0.46875,0.655172413793103,0.551724137931034,0.666666666666667,0.566666666666667,0.433333333333333,0.375,0.633333333333333,0,0.333333333333333,0.53125,0.71875,0.133333333333333,0.0666666666666667,0.5,0.357142857142857,0.666666666666667,0.464285714285714,0.48936170212766,0.838709677419355,0.46875,0.290322580645161,0.0333333333333333,0.2,0.214285714285714,0.0666666666666667,0.314285714285714,0.172413793103448,0.0357142857142857
"DCCF",0.285714285714286,0.458333333333333,0.346153846153846,0.208333333333333,0.19047619047619,0.16,0.181818181818182,0.379310344827586,0.296296296296296,0.454545454545455,0.363636363636364,0.32,0.478260869565217,0.347826086956522,0.44,0.269230769230769,0.318181818181818,0.304347826086957,0.296296296296296,0.333333333333333,0,0.25,0.366666666666667,0.333333333333333,0.125,0.476190476190476,0.0909090909090909,0.366666666666667,0.08,0.272727272727273,0.34375,0.375,0.181818181818182,0.133333333333333,0.222222222222222,0.25,0.125,0.28,0.25,0.0714285714285714
"F377",0.333333333333333,0.517241379310345,0.692307692307692,0.407407407407407,0.259259259259259,0.357142857142857,0.296296296296296,0.53125,0.571428571428571,0.413793103448276,0.344827586206897,0.555555555555556,0.482758620689655,0.379310344827586,0.551724137931034,0.555555555555556,0.583333333333333,0.392857142857143,0.62962962962963,0.53125,0.25,0,0.515151515151515,0.115384615384615,0.08,0.379310344827586,0.32,0.5625,0.333333333333333,0.444444444444444,0.575757575757576,0.5,0.296296296296296,0.04,0.192307692307692,0.16,0.125,0.205882352941176,0.16,0.0434782608695652
"D629",0.3125,0.666666666666667,0.666666666666667,0.257142857142857,0.212121212121212,0.333333333333333,0.171428571428571,0.71875,0.724137931034483,0.516129032258065,0.5,0.6,0.689655172413793,0.586206896551724,0.7,0.6,0.466666666666667,0.323529411764706,0.5625,0.71875,0.366666666666667,0.515151515151515,0,0.166666666666667,0.0645161290322581,0.533333333333333,0.392857142857143,0.806451612903226,0.5,0.577777777777778,0.757575757575758,0.5,0.242424242424242,0.0666666666666667,0.15625,0.166666666666667,0.0645161290322581,0.305555555555556,0.166666666666667,0.0714285714285714
"C5F2",0.166666666666667,0.208333333333333,0.16,0,0.266666666666667,0.0952380952380952,0.176470588235294,0.214285714285714,0.16,0.238095238095238,0.2,0.227272727272727,0.217391304347826,0.25,0.153846153846154,0.125,0.210526315789474,0.142857142857143,0.16,0.133333333333333,0.333333333333333,0.115384615384615,0.166666666666667,0,0.2,0.19047619047619,0.0588235294117647,0.129032258064516,0.05,0.111111111111111,0.15625,0.173913043478261,0.111111111111111,0.1,0.230769230769231,0.272727272727273,0.2,0.130434782608696,0.166666666666667,0.125
"15BF",0.1875,0.08,0.08,0.105263157894737,0.214285714285714,0.105263157894737,0.384615384615385,0.0666666666666667,0.08,0.0909090909090909,0.0476190476190476,0.0869565217391304,0.0833333333333333,0.0952380952380952,0.0769230769230769,0.0869565217391304,0.105263157894737,0.157894736842105,0.08,0.0666666666666667,0.125,0.08,0.0645161290322581,0.2,0,0.0952380952380952,0,0.0645161290322581,0,0.0434782608695652,0.0606060606060606,0.0869565217391304,0.2,0,0.272727272727273,0.2,0.25,0.142857142857143,0.333333333333333,0
"80F1",0.185185185185185,0.6,0.538461538461538,0.214285714285714,0.25,0.307692307692308,0.148148148148148,0.607142857142857,0.481481481481481,0.423076923076923,0.4,0.52,0.5,0.5,0.576923076923077,0.461538461538462,0.478260869565217,0.25,0.538461538461538,0.5,0.476190476190476,0.379310344827586,0.533333333333333,0.19047619047619,0.0952380952380952,0,0.380952380952381,0.483870967741935,0.333333333333333,0.355555555555556,0.548387096774194,0.52,0.148148148148148,0.1,0.125,0.19047619047619,0.0952380952380952,0.193548387096774,0.136363636363636,0
"5909",0.19047619047619,0.434782608695652,0.375,0.173913043478261,0.210526315789474,0.5,0.0909090909090909,0.407407407407407,0.5,0.363636363636364,0.217391304347826,0.409090909090909,0.333333333333333,0.45,0.416666666666667,0.55,0.421052631578947,0.166666666666667,0.5,0.357142857142857,0.0909090909090909,0.32,0.392857142857143,0.0588235294117647,0,0.380952380952381,0,0.392857142857143,0.785714285714286,0.255813953488372,0.366666666666667,0.476190476190476,0.142857142857143,0.0714285714285714,0,0.0588235294117647,0,0.0344827586206897,0,0.0833333333333333
"B8A2",0.3125,0.666666666666667,0.666666666666667,0.294117647058824,0.212121212121212,0.333333333333333,0.205882352941176,0.666666666666667,0.724137931034483,0.566666666666667,0.5,0.6,0.580645161290323,0.533333333333333,0.7,0.6,0.466666666666667,0.323529411764706,0.612903225806452,0.666666666666667,0.366666666666667,0.5625,0.806451612903226,0.129032258064516,0.0645161290322581,0.483870967741935,0.392857142857143,0,0.448275862068966,0.577777777777778,0.705882352941177,0.548387096774194,0.242424242424242,0.0666666666666667,0.193548387096774,0.166666666666667,0.0645161290322581,0.236842105263158,0.166666666666667,0.0714285714285714
"1958",0.217391304347826,0.44,0.44,0.153846153846154,0.181818181818182,0.428571428571429,0.08,0.464285714285714,0.636363636363636,0.32,0.24,0.478260869565217,0.4,0.391304347826087,0.423076923076923,0.619047619047619,0.363636363636364,0.148148148148148,0.5,0.464285714285714,0.08,0.333333333333333,0.5,0.05,0,0.333333333333333,0.785714285714286,0.448275862068966,0,0.295454545454545,0.466666666666667,0.416666666666667,0.173913043478261,0.0588235294117647,0,0.05,0,0.0645161290322581,0,0.0666666666666667
"A24D",0.1875,0.444444444444444,0.511627906976744,0.25531914893617,0.145833333333333,0.25531914893617,0.142857142857143,0.48936170212766,0.477272727272727,0.441860465116279,0.333333333333333,0.431818181818182,0.488372093023256,0.386363636363636,0.466666666666667,0.465116279069767,0.311111111111111,0.276595744680851,0.444444444444444,0.48936170212766,0.272727272727273,0.444444444444444,0.577777777777778,0.111111111111111,0.0434782608695652,0.355555555555556,0.255813953488372,0.577777777777778,0.295454545454545,0,0.553191489361702,0.4,0.191489361702128,0.0444444444444444,0.130434782608696,0.136363636363636,0.0666666666666667,0.215686274509804,0.111111111111111,0.0465116279069767
"2D31",0.257142857142857,0.67741935483871,0.625,0.210526315789474,0.235294117647059,0.314285714285714,0.194444444444444,0.78125,0.625,0.484848484848485,0.46875,0.515151515151515,0.645161290322581,0.548387096774194,0.606060606060606,0.612903225806452,0.4375,0.342857142857143,0.733333333333333,0.838709677419355,0.34375,0.575757575757576,0.757575757575758,0.15625,0.0606060606060606,0.548387096774194,0.366666666666667,0.705882352941177,0.466666666666667,0.553191489361702,0,0.5625,0.228571428571429,0.0625,0.181818181818182,0.15625,0.09375,0.324324324324324,0.15625,0.032258064516129
"B1E3",0.259259259259259,0.75,0.555555555555556,0.285714285714286,0.230769230769231,0.384615384615385,0.178571428571429,0.620689655172414,0.615384615384615,0.56,0.321428571428571,0.6,0.576923076923077,0.461538461538462,0.592592592592593,0.6,0.5,0.321428571428571,0.68,0.46875,0.375,0.5,0.5,0.173913043478261,0.0869565217391304,0.52,0.476190476190476,0.548387096774194,0.416666666666667,0.4,0.5625,0,0.222222222222222,0.142857142857143,0.208333333333333,0.125,0.0416666666666667,0.258064516129032,0.125,0.1
"44BD",0.5,0.296296296296296,0.296296296296296,0.318181818181818,0.19047619047619,0.45,0.444444444444444,0.212121212121212,0.296296296296296,0.28,0.111111111111111,0.269230769230769,0.307692307692308,0.24,0.333333333333333,0.375,0.260869565217391,0.578947368421053,0.25,0.290322580645161,0.181818181818182,0.296296296296296,0.242424242424242,0.111111111111111,0.2,0.148148148148148,0.142857142857143,0.242424242424242,0.173913043478261,0.191489361702128,0.228571428571429,0.222222222222222,0,0.0625,0.222222222222222,0.333333333333333,0.285714285714286,0.391304347826087,0.428571428571429,0.0714285714285714
"ACF4",0.0588235294117647,0.0833333333333333,0.0833333333333333,0.111111111111111,0.142857142857143,0.111111111111111,0.0625,0.0333333333333333,0.0833333333333333,0.0952380952380952,0.105263157894737,0.0434782608695652,0.0869565217391304,0.0476190476190476,0.08,0.0909090909090909,0.111111111111111,0.105263157894737,0.0833333333333333,0.0333333333333333,0.133333333333333,0.04,0.0666666666666667,0.1,0,0.1,0.0714285714285714,0.0666666666666667,0.0588235294117647,0.0444444444444444,0.0625,0.142857142857143,0.0625,0,0,0.1,0.125,0.15,0.1,0
"AA3C",0.277777777777778,0.192307692307692,0.107142857142857,0.136363636363636,0.166666666666667,0.136363636363636,0.222222222222222,0.2,0.107142857142857,0.166666666666667,0.181818181818182,0.208333333333333,0.25,0.227272727272727,0.230769230769231,0.0740740740740741,0.19047619047619,0.238095238095238,0.192307692307692,0.2,0.222222222222222,0.192307692307692,0.15625,0.230769230769231,0.272727272727273,0.125,0,0.193548387096774,0,0.130434782608696,0.181818181818182,0.208333333333333,0.222222222222222,0,0,0.333333333333333,0.166666666666667,0.333333333333333,0.333333333333333,0.1
"CB2B",0.235294117647059,0.16,0.16,0.15,0.266666666666667,0.277777777777778,0.25,0.172413793103448,0.16,0.3,0.2,0.173913043478261,0.217391304347826,0.25,0.2,0.227272727272727,0.277777777777778,0.263157894736842,0.16,0.214285714285714,0.25,0.16,0.166666666666667,0.272727272727273,0.2,0.19047619047619,0.0588235294117647,0.166666666666667,0.05,0.136363636363636,0.15625,0.125,0.333333333333333,0.1,0.333333333333333,0,0.2,0.238095238095238,0.272727272727273,0
"5939",0.266666666666667,0.08,0.08,0.105263157894737,0.0625,0.105263157894737,0.285714285714286,0.0666666666666667,0.08,0.0909090909090909,0.0476190476190476,0.0869565217391304,0.0833333333333333,0.0952380952380952,0.0769230769230769,0.0869565217391304,0.105263157894737,0.222222222222222,0.08,0.0666666666666667,0.125,0.125,0.0645161290322581,0.2,0.25,0.0952380952380952,0,0.0645161290322581,0,0.0666666666666667,0.09375,0.0416666666666667,0.285714285714286,0.125,0.166666666666667,0.2,0,0.142857142857143,0.5,0
"0255",0.222222222222222,0.28125,0.205882352941176,0.25,0.148148148148148,0.25,0.230769230769231,0.243243243243243,0.171428571428571,0.266666666666667,0.2,0.181818181818182,0.333333333333333,0.193548387096774,0.3125,0.21875,0.206896551724138,0.44,0.205882352941176,0.314285714285714,0.28,0.205882352941176,0.305555555555556,0.130434782608696,0.142857142857143,0.193548387096774,0.0344827586206897,0.236842105263158,0.0645161290322581,0.215686274509804,0.324324324324324,0.258064516129032,0.391304347826087,0.15,0.333333333333333,0.238095238095238,0.142857142857143,0,0.3,0.05
"A5EF",0.4,0.16,0.16,0.15,0.117647058823529,0.15,0.428571428571429,0.133333333333333,0.16,0.181818181818182,0.2,0.173913043478261,0.217391304347826,0.25,0.2,0.173913043478261,0.210526315789474,0.411764705882353,0.208333333333333,0.172413793103448,0.25,0.16,0.166666666666667,0.166666666666667,0.333333333333333,0.136363636363636,0,0.166666666666667,0,0.111111111111111,0.15625,0.125,0.428571428571429,0.1,0.333333333333333,0.272727272727273,0.5,0.3,0,0
"A539",0.0666666666666667,0.0909090909090909,0.0434782608695652,0,0,0.0588235294117647,0,0.0740740740740741,0.0909090909090909,0.105263157894737,0.0555555555555556,0.1,0.0952380952380952,0.0526315789473684,0.0869565217391304,0.0476190476190476,0,0.0555555555555556,0.0434782608695652,0.0357142857142857,0.0714285714285714,0.0434782608695652,0.0714285714285714,0.125,0,0,0.0833333333333333,0.0714285714285714,0.0666666666666667,0.0465116279069767,0.032258064516129,0.1,0.0714285714285714,0,0.1,0,0,0.05,0,0
