"","5440","4FCA","1338","4107","5EBF3C","4F91","0832","A093","8712","A1D2","4D10","1A0D","94D3","9900","775E","A4F8","238E","A290","E89B","0E3A","110D","175F","1E39","2562","FA6F","28F0"
"5440",0,0.724137931034483,0.778761061946903,0.610619469026549,0.741071428571429,0.607142857142857,0.718181818181818,0.752212389380531,0.782608695652174,0.72972972972973,0.504504504504504,0.596491228070175,0.705357142857143,0.717948717948718,0.709401709401709,0.689655172413793,0.738738738738739,0.678571428571429,0.63716814159292,0.0679611650485437,0.18348623853211,0.172727272727273,0.166666666666667,0.192660550458716,0.144144144144144,0.158878504672897
"4FCA",0.724137931034483,0,0.828828828828829,0.642857142857143,0.743362831858407,0.63963963963964,0.720720720720721,0.801801801801802,0.769230769230769,0.701754385964912,0.522522522522523,0.628318584070796,0.723214285714286,0.705882352941177,0.787610619469027,0.736842105263158,0.756756756756757,0.68141592920354,0.640350877192982,0.0769230769230769,0.18018018018018,0.18018018018018,0.185185185185185,0.168141592920354,0.18348623853211,0.188679245283019
"1338",0.778761061946903,0.828828828828829,0,0.681818181818182,0.752212389380531,0.694444444444444,0.846153846153846,0.878504672897196,0.808695652173913,0.805555555555556,0.545454545454545,0.666666666666667,0.763636363636364,0.758620689655172,0.862385321100917,0.776785714285714,0.765765765765766,0.705357142857143,0.678571428571429,0.0865384615384615,0.168141592920354,0.178571428571429,0.172727272727273,0.1875,0.181818181818182,0.165137614678899
"4107",0.610619469026549,0.642857142857143,0.681818181818182,0,0.598214285714286,0.532710280373832,0.632075471698113,0.685185185185185,0.629310344827586,0.644859813084112,0.572916666666667,0.611650485436893,0.635514018691589,0.651785714285714,0.703703703703704,0.621621621621622,0.623853211009174,0.669902912621359,0.579439252336449,0.032967032967033,0.141414141414141,0.153061224489796,0.134020618556701,0.128712871287129,0.15625,0.136842105263158
"5EBF3C",0.741071428571429,0.743362831858407,0.752212389380531,0.598214285714286,0,0.638888888888889,0.738317757009346,0.805555555555556,0.741379310344828,0.75,0.504587155963303,0.584070796460177,0.740740740740741,0.736842105263158,0.758928571428571,0.770642201834862,0.711711711711712,0.608695652173913,0.596491228070175,0.07,0.166666666666667,0.166666666666667,0.182692307692308,0.154545454545455,0.158878504672897,0.174757281553398
"4F91",0.607142857142857,0.63963963963964,0.694444444444444,0.532710280373832,0.638888888888889,0,0.71,0.714285714285714,0.640350877192982,0.596330275229358,0.505050505050505,0.607843137254902,0.647619047619048,0.663636363636364,0.716981132075472,0.679245283018868,0.62037037037037,0.60377358490566,0.546296296296296,0.0697674418604651,0.15625,0.168421052631579,0.136842105263158,0.154639175257732,0.159574468085106,0.139784946236559
"0832",0.718181818181818,0.720720720720721,0.846153846153846,0.632075471698113,0.738317757009346,0.71,0,0.852941176470588,0.781818181818182,0.726415094339623,0.564356435643564,0.663461538461538,0.733333333333333,0.72972972972973,0.768518518518518,0.731481481481482,0.752380952380952,0.704761904761905,0.614678899082569,0.0520833333333333,0.132075471698113,0.132075471698113,0.158415841584158,0.141509433962264,0.134615384615385,0.15
"A093",0.752212389380531,0.801801801801802,0.878504672897196,0.685185185185185,0.805555555555556,0.714285714285714,0.852941176470588,0,0.814159292035398,0.794392523364486,0.560747663551402,0.669724770642202,0.80188679245283,0.810810810810811,0.851851851851852,0.798165137614679,0.787037037037037,0.740740740740741,0.681818181818182,0.0784313725490196,0.162162162162162,0.162162162162162,0.188679245283019,0.160714285714286,0.165137614678899,0.180952380952381
"8712",0.782608695652174,0.769230769230769,0.808695652173913,0.629310344827586,0.741379310344828,0.640350877192982,0.781818181818182,0.814159292035398,0,0.71551724137931,0.539823008849557,0.629310344827586,0.706896551724138,0.777777777777778,0.78448275862069,0.765217391304348,0.785714285714286,0.681034482758621,0.641025641025641,0.0833333333333333,0.259259259259259,0.259259259259259,0.231481481481481,0.256880733944954,0.229357798165138,0.235849056603774
"A1D2",0.72972972972973,0.701754385964912,0.805555555555556,0.644859813084112,0.75,0.596330275229358,0.726415094339623,0.794392523364486,0.71551724137931,0,0.504672897196262,0.6,0.712962962962963,0.725663716814159,0.779816513761468,0.775700934579439,0.747663551401869,0.669724770642202,0.642201834862385,0.0947368421052632,0.194174757281553,0.205882352941176,0.2,0.215686274509804,0.21,0.18
"4D10",0.504504504504504,0.522522522522523,0.545454545454545,0.572916666666667,0.504587155963303,0.505050505050505,0.564356435643564,0.560747663551402,0.539823008849557,0.504672897196262,0,0.659340659340659,0.568627450980392,0.545454545454545,0.564814814814815,0.542056074766355,0.572815533980582,0.585858585858586,0.604166666666667,0.0533333333333333,0.101123595505618,0.101123595505618,0.104651162790698,0.1,0.116279069767442,0.107142857142857
"1A0D",0.596491228070175,0.628318584070796,0.666666666666667,0.611650485436893,0.584070796460177,0.607843137254902,0.663461538461538,0.669724770642202,0.629310344827586,0.6,0.659340659340659,0,0.650943396226415,0.651785714285714,0.719626168224299,0.636363636363636,0.654205607476635,0.702970297029703,0.656862745098039,0.0681818181818182,0.153061224489796,0.153061224489796,0.134020618556701,0.14,0.168421052631579,0.148936170212766
"94D3",0.705357142857143,0.723214285714286,0.763636363636364,0.635514018691589,0.740740740740741,0.647619047619048,0.733333333333333,0.80188679245283,0.706896551724138,0.712962962962963,0.568627450980392,0.650943396226415,0,0.779816513761468,0.787037037037037,0.766355140186916,0.722222222222222,0.660550458715596,0.679245283018868,0.0729166666666667,0.184466019417476,0.196078431372549,0.178217821782178,0.171428571428571,0.176470588235294,0.17
"9900",0.717948717948718,0.705882352941177,0.758620689655172,0.651785714285714,0.736842105263158,0.663636363636364,0.72972972972973,0.810810810810811,0.777777777777778,0.725663716814159,0.545454545454545,0.651785714285714,0.779816513761468,0,0.780701754385965,0.776785714285714,0.734513274336283,0.675438596491228,0.634782608695652,0.0560747663551402,0.211009174311927,0.222222222222222,0.194444444444444,0.220183486238532,0.214953271028037,0.165137614678899
"775E",0.709401709401709,0.787610619469027,0.862385321100917,0.703703703703704,0.758928571428571,0.716981132075472,0.768518518518518,0.851851851851852,0.78448275862069,0.779816513761468,0.564814814814815,0.719626168224299,0.787037037037037,0.780701754385965,0,0.833333333333333,0.772727272727273,0.727272727272727,0.654867256637168,0.0769230769230769,0.18018018018018,0.190909090909091,0.163636363636364,0.168141592920354,0.205607476635514,0.177570093457944
"A4F8",0.689655172413793,0.736842105263158,0.776785714285714,0.621621621621622,0.770642201834862,0.679245283018868,0.731481481481482,0.798165137614679,0.765217391304348,0.775700934579439,0.542056074766355,0.636363636363636,0.766355140186916,0.776785714285714,0.833333333333333,0,0.785046728971963,0.660714285714286,0.663636363636364,0.0909090909090909,0.186915887850467,0.186915887850467,0.180952380952381,0.185185185185185,0.19047619047619,0.173076923076923
"238E",0.738738738738739,0.756756756756757,0.765765765765766,0.623853211009174,0.711711711711712,0.62037037037037,0.752380952380952,0.787037037037037,0.785714285714286,0.747663551401869,0.572815533980582,0.654205607476635,0.722222222222222,0.734513274336283,0.772727272727273,0.785046728971963,0,0.678899082568807,0.636363636363636,0.0824742268041237,0.203883495145631,0.203883495145631,0.222222222222222,0.225490196078431,0.184466019417476,0.19
"A290",0.678571428571429,0.68141592920354,0.705357142857143,0.669902912621359,0.608695652173913,0.60377358490566,0.704761904761905,0.740740740740741,0.681034482758621,0.669724770642202,0.585858585858586,0.702970297029703,0.660550458715596,0.675438596491228,0.727272727272727,0.660714285714286,0.678899082568807,0,0.635514018691589,0.0638297872340425,0.166666666666667,0.166666666666667,0.171717171717172,0.16504854368932,0.147058823529412,0.163265306122449
"E89B",0.63716814159292,0.640350877192982,0.678571428571429,0.579439252336449,0.596491228070175,0.546296296296296,0.614678899082569,0.681818181818182,0.641025641025641,0.642201834862385,0.604166666666667,0.656862745098039,0.679245283018868,0.634782608695652,0.654867256637168,0.663636363636364,0.636363636363636,0.635514018691589,0,0.0777777777777778,0.16,0.148514851485149,0.153061224489796,0.181818181818182,0.163265306122449,0.15625
"0E3A",0.0679611650485437,0.0769230769230769,0.0865384615384615,0.032967032967033,0.07,0.0697674418604651,0.0520833333333333,0.0784313725490196,0.0833333333333333,0.0947368421052632,0.0533333333333333,0.0681818181818182,0.0729166666666667,0.0560747663551402,0.0769230769230769,0.0909090909090909,0.0824742268041237,0.0638297872340425,0.0777777777777778,0,0.28125,0.28125,0.310344827586207,0.272727272727273,0.258064516129032,0.285714285714286
"110D",0.18348623853211,0.18018018018018,0.168141592920354,0.141414141414141,0.166666666666667,0.15625,0.132075471698113,0.162162162162162,0.259259259259259,0.194174757281553,0.101123595505618,0.153061224489796,0.184466019417476,0.211009174311927,0.18018018018018,0.186915887850467,0.203883495145631,0.166666666666667,0.16,0.28125,0,0.875,0.78125,0.848484848484849,0.705882352941177,0.666666666666667
"175F",0.172727272727273,0.18018018018018,0.178571428571429,0.153061224489796,0.166666666666667,0.168421052631579,0.132075471698113,0.162162162162162,0.259259259259259,0.205882352941176,0.101123595505618,0.153061224489796,0.196078431372549,0.222222222222222,0.190909090909091,0.186915887850467,0.203883495145631,0.166666666666667,0.148514851485149,0.28125,0.875,0,0.727272727272727,0.848484848484849,0.8125,0.666666666666667
"1E39",0.166666666666667,0.185185185185185,0.172727272727273,0.134020618556701,0.182692307692308,0.136842105263158,0.158415841584158,0.188679245283019,0.231481481481481,0.2,0.104651162790698,0.134020618556701,0.178217821782178,0.194444444444444,0.163636363636364,0.180952380952381,0.222222222222222,0.171717171717172,0.153061224489796,0.310344827586207,0.78125,0.727272727272727,0,0.757575757575758,0.666666666666667,0.67741935483871
"2562",0.192660550458716,0.168141592920354,0.1875,0.128712871287129,0.154545454545455,0.154639175257732,0.141509433962264,0.160714285714286,0.256880733944954,0.215686274509804,0.1,0.14,0.171428571428571,0.220183486238532,0.168141592920354,0.185185185185185,0.225490196078431,0.16504854368932,0.181818181818182,0.272727272727273,0.848484848484849,0.848484848484849,0.757575757575758,0,0.735294117647059,0.647058823529412
"FA6F",0.144144144144144,0.18348623853211,0.181818181818182,0.15625,0.158878504672897,0.159574468085106,0.134615384615385,0.165137614678899,0.229357798165138,0.21,0.116279069767442,0.168421052631579,0.176470588235294,0.214953271028037,0.205607476635514,0.19047619047619,0.184466019417476,0.147058823529412,0.163265306122449,0.258064516129032,0.705882352941177,0.8125,0.666666666666667,0.735294117647059,0,0.709677419354839
"28F0",0.158878504672897,0.188679245283019,0.165137614678899,0.136842105263158,0.174757281553398,0.139784946236559,0.15,0.180952380952381,0.235849056603774,0.18,0.107142857142857,0.148936170212766,0.17,0.165137614678899,0.177570093457944,0.173076923076923,0.19,0.163265306122449,0.15625,0.285714285714286,0.666666666666667,0.666666666666667,0.67741935483871,0.647058823529412,0.709677419354839,0
