"","A0CF","A1D2","C073","5440","5EBF3C","61B2","1F36","4D10","CE1D","1A0D","94D3","775E","5DED","4FCA","4F91","4D01","5971","0832","A093","A4F8","900E","9900"
"A0CF",0,0.689655172413793,0.752136752136752,0.504424778761062,0.481132075471698,0.552380952380952,0.477064220183486,0.538461538461538,0.416666666666667,0.660550458715596,0.336448598130841,0.390909090909091,0.561904761904762,0.5,0.455357142857143,0.425925925925926,0.166666666666667,0.144230769230769,0.169642857142857,0.178571428571429,0.152380952380952,0.0495049504950495
"A1D2",0.689655172413793,0,0.722689075630252,0.545454545454545,0.440366972477064,0.495412844036697,0.504672897196262,0.481481481481481,0.403669724770642,0.660550458715596,0.324074074074074,0.443396226415094,0.518518518518518,0.475,0.468468468468468,0.439252336448598,0.176991150442478,0.155339805825243,0.190909090909091,0.189189189189189,0.174757281553398,0.06
"C073",0.752136752136752,0.722689075630252,0,0.504201680672269,0.482142857142857,0.54954954954955,0.452991452991453,0.482456140350877,0.408695652173913,0.623931623931624,0.321739130434783,0.372881355932203,0.544642857142857,0.453125,0.398373983739837,0.442477876106195,0.203389830508475,0.153153153153153,0.186440677966102,0.205128205128205,0.130434782608696,0.036036036036036
"5440",0.504424778761062,0.545454545454545,0.504201680672269,0,0.393617021276596,0.457446808510638,0.467391304347826,0.440860215053763,0.511904761904762,0.534653465346535,0.4625,0.411111111111111,0.452631578947368,0.438095238095238,0.442105263157895,0.471264367816092,0.103092783505155,0.0813953488372093,0.09375,0.0927835051546392,0.0795454545454545,0
"5EBF3C",0.481132075471698,0.440366972477064,0.482142857142857,0.393617021276596,0,0.51219512195122,0.506172839506173,0.457831325301205,0.373493975903614,0.543478260869565,0.333333333333333,0.357142857142857,0.453488372093023,0.289719626168224,0.347826086956522,0.419753086419753,0.146341463414634,0.142857142857143,0.15,0.148148148148148,0.154929577464789,0.0634920634920635
"61B2",0.552380952380952,0.495412844036697,0.54954954954955,0.457446808510638,0.51219512195122,0,0.6,0.476744186046512,0.5,0.557894736842105,0.41025641025641,0.411764705882353,0.505747126436782,0.309090909090909,0.41304347826087,0.475609756097561,0.111111111111111,0.102564102564103,0.113636363636364,0.112359550561798,0.1,0.028169014084507
"1F36",0.477064220183486,0.504672897196262,0.452991452991453,0.467391304347826,0.506172839506173,0.6,0,0.420454545454545,0.475,0.58695652173913,0.421052631578947,0.388235294117647,0.535714285714286,0.314814814814815,0.422222222222222,0.469135802469136,0.101123595505618,0.0769230769230769,0.116279069767442,0.0898876404494382,0.102564102564103,0.0597014925373134
"4D10",0.538461538461538,0.481481481481481,0.482456140350877,0.440860215053763,0.457831325301205,0.476744186046512,0.420454545454545,0,0.444444444444444,0.611111111111111,0.371794871794872,0.392857142857143,0.391304347826087,0.317757009345794,0.411111111111111,0.388235294117647,0.114942528735632,0.106666666666667,0.104651162790698,0.103448275862069,0.103896103896104,0.0294117647058824
"CE1D",0.416666666666667,0.403669724770642,0.408695652173913,0.511904761904762,0.373493975903614,0.5,0.475,0.444444444444444,0,0.483870967741935,0.449275362318841,0.447368421052632,0.44047619047619,0.36734693877551,0.44578313253012,0.40506329113924,0.139240506329114,0.101449275362319,0.142857142857143,0.126582278481013,0.130434782608696,0.0327868852459016
"1A0D",0.660550458715596,0.660550458715596,0.623931623931624,0.534653465346535,0.543478260869565,0.557894736842105,0.58695652173913,0.611111111111111,0.483870967741935,0,0.361702127659574,0.38,0.505050505050505,0.372881355932203,0.494949494949495,0.478723404255319,0.18,0.130434782608696,0.183673469387755,0.17,0.152173913043478,0.0705882352941176
"94D3",0.336448598130841,0.324074074074074,0.321739130434783,0.4625,0.333333333333333,0.41025641025641,0.421052631578947,0.371794871794872,0.449275362318841,0.361702127659574,0,0.333333333333333,0.353658536585366,0.305263157894737,0.358024691358025,0.383561643835616,0.0526315789473684,0.0476190476190476,0.0540540540540541,0.0533333333333333,0.0461538461538462,0.0192307692307692
"775E",0.390909090909091,0.443396226415094,0.372881355932203,0.411111111111111,0.357142857142857,0.411764705882353,0.388235294117647,0.392857142857143,0.447368421052632,0.38,0.333333333333333,0,0.475609756097561,0.395833333333333,0.395348837209302,0.3875,0.111111111111111,0.0857142857142857,0.128205128205128,0.1125,0.114285714285714,0.05
"5DED",0.561904761904762,0.518518518518518,0.544642857142857,0.452631578947368,0.453488372093023,0.505747126436782,0.535714285714286,0.391304347826087,0.44047619047619,0.505050505050505,0.353658536585366,0.475609756097561,0,0.464646464646465,0.378947368421053,0.452380952380952,0.10989010989011,0.10126582278481,0.151162790697674,0.123595505617978,0.1125,0.0571428571428571
"4FCA",0.5,0.475,0.453125,0.438095238095238,0.289719626168224,0.309090909090909,0.314814814814815,0.317757009345794,0.36734693877551,0.372881355932203,0.305263157894737,0.395833333333333,0.464646464646465,0,0.384615384615385,0.391752577319588,0.163265306122449,0.162790697674419,0.166666666666667,0.177083333333333,0.2,0.0609756097560976
"4F91",0.455357142857143,0.468468468468468,0.398373983739837,0.442105263157895,0.347826086956522,0.41304347826087,0.422222222222222,0.411111111111111,0.44578313253012,0.494949494949495,0.358024691358025,0.395348837209302,0.378947368421053,0.384615384615385,0,0.457831325301205,0.0869565217391304,0.075,0.101123595505618,0.0645161290322581,0.0731707317073171,0.028169014084507
"4D01",0.425925925925926,0.439252336448598,0.442477876106195,0.471264367816092,0.419753086419753,0.475609756097561,0.469135802469136,0.388235294117647,0.40506329113924,0.478723404255319,0.383561643835616,0.3875,0.452380952380952,0.391752577319588,0.457831325301205,0,0.0459770114942529,0.0694444444444444,0.0470588235294118,0.0465116279069767,0.0533333333333333,0
"5971",0.166666666666667,0.176991150442478,0.203389830508475,0.103092783505155,0.146341463414634,0.111111111111111,0.101123595505618,0.114942528735632,0.139240506329114,0.18,0.0526315789473684,0.111111111111111,0.10989010989011,0.163265306122449,0.0869565217391304,0.0459770114942529,0,0.473684210526316,0.619047619047619,0.682926829268293,0.487179487179487,0.162162162162162
"0832",0.144230769230769,0.155339805825243,0.153153153153153,0.0813953488372093,0.142857142857143,0.102564102564103,0.0769230769230769,0.106666666666667,0.101449275362319,0.130434782608696,0.0476190476190476,0.0857142857142857,0.10126582278481,0.162790697674419,0.075,0.0694444444444444,0.473684210526316,0,0.5,0.571428571428571,0.517241379310345,0.208333333333333
"A093",0.169642857142857,0.190909090909091,0.186440677966102,0.09375,0.15,0.113636363636364,0.116279069767442,0.104651162790698,0.142857142857143,0.183673469387755,0.0540540540540541,0.128205128205128,0.151162790697674,0.166666666666667,0.101123595505618,0.0470588235294118,0.619047619047619,0.5,0,0.634146341463415,0.513513513513513,0.205882352941176
"A4F8",0.178571428571429,0.189189189189189,0.205128205128205,0.0927835051546392,0.148148148148148,0.112359550561798,0.0898876404494382,0.103448275862069,0.126582278481013,0.17,0.0533333333333333,0.1125,0.123595505617978,0.177083333333333,0.0645161290322581,0.0465116279069767,0.682926829268293,0.571428571428571,0.634146341463415,0,0.461538461538462,0.2
"900E",0.152380952380952,0.174757281553398,0.130434782608696,0.0795454545454545,0.154929577464789,0.1,0.102564102564103,0.103896103896104,0.130434782608696,0.152173913043478,0.0461538461538462,0.114285714285714,0.1125,0.2,0.0731707317073171,0.0533333333333333,0.487179487179487,0.517241379310345,0.513513513513513,0.461538461538462,0,0.24
"9900",0.0495049504950495,0.06,0.036036036036036,0,0.0634920634920635,0.028169014084507,0.0597014925373134,0.0294117647058824,0.0327868852459016,0.0705882352941176,0.0192307692307692,0.05,0.0571428571428571,0.0609756097560976,0.028169014084507,0,0.162162162162162,0.208333333333333,0.205882352941176,0.2,0.24,0
