"","1A0D","110D","1E39","7789","48AB","E89B","238E","2562","4999","A1CE","EDDE","B5F7","101F","B311","A41C","D8F5","8EBE","ED95","D3B0","AE33","100F","909D","96BF","877B","8870","91BD"
"1A0D",0,0.625,0.336538461538462,0.343137254901961,0.711864406779661,0.647058823529412,0.545454545454545,0.616666666666667,0.53781512605042,0.521367521367521,0.285714285714286,0.577981651376147,0.675213675213675,0.466666666666667,0.556521739130435,0.330097087378641,0.490566037735849,0.559633027522936,0.48695652173913,0.407766990291262,0.635514018691589,0.0303030303030303,0.06,0.0636363636363636,0.0566037735849057,0.0841121495327103
"110D",0.625,0,0.29126213592233,0.31,0.633333333333333,0.557377049180328,0.547008547008547,0.593220338983051,0.552631578947368,0.535714285714286,0.224489795918367,0.482142857142857,0.557377049180328,0.436893203883495,0.504347826086956,0.271844660194175,0.394495412844037,0.426086956521739,0.473214285714286,0.299065420560748,0.495575221238938,0.0434782608695652,0.0989010989010989,0.121212121212121,0.104166666666667,0.134020618556701
"1E39",0.336538461538462,0.29126213592233,0,0.725490196078431,0.353982300884956,0.3125,0.352941176470588,0.394230769230769,0.313725490196078,0.372340425531915,0.604166666666667,0.32258064516129,0.3125,0.418918918918919,0.397849462365591,0.692307692307692,0.453333333333333,0.359550561797753,0.232323232323232,0.333333333333333,0.298969072164948,0,0,0,0,0
"7789",0.343137254901961,0.31,0.725490196078431,0,0.336283185840708,0.318181818181818,0.307692307692308,0.361904761904762,0.32,0.336842105263158,0.530612244897959,0.344444444444444,0.318181818181818,0.471428571428571,0.406593406593407,0.535714285714286,0.486111111111111,0.352272727272727,0.25,0.36231884057971,0.291666666666667,0,0,0,0,0
"48AB",0.711864406779661,0.633333333333333,0.353982300884956,0.336283185840708,0,0.666666666666667,0.661157024793388,0.704918032786885,0.641666666666667,0.613445378151261,0.284403669724771,0.603448275862069,0.68,0.460869565217391,0.621848739495798,0.324561403508772,0.535714285714286,0.572649572649573,0.528925619834711,0.370689655172414,0.588235294117647,0.045045045045045,0.0909090909090909,0.110169491525424,0.105263157894737,0.101694915254237
"E89B",0.647058823529412,0.557377049180328,0.3125,0.318181818181818,0.666666666666667,0,0.652542372881356,0.629032258064516,0.605042016806723,0.55,0.252336448598131,0.607142857142857,0.658536585365854,0.486238532110092,0.584745762711864,0.294642857142857,0.431034482758621,0.521367521367521,0.598214285714286,0.403669724770642,0.663636363636364,0.0576923076923077,0.0961538461538462,0.19047619047619,0.132075471698113,0.192307692307692
"238E",0.545454545454545,0.547008547008547,0.352941176470588,0.307692307692308,0.661157024793388,0.652542372881356,0,0.723214285714286,0.669724770642202,0.594594594594595,0.25,0.568807339449541,0.652542372881356,0.5,0.618181818181818,0.307692307692308,0.414414414414414,0.564814814814815,0.60377358490566,0.398058252427184,0.581818181818182,0.0631578947368421,0.09375,0.148514851485149,0.121212121212121,0.15
"2562",0.616666666666667,0.593220338983051,0.394230769230769,0.361904761904762,0.704918032786885,0.629032258064516,0.723214285714286,0,0.629310344827586,0.642857142857143,0.269230769230769,0.603603603603604,0.787610619469027,0.523809523809524,0.681818181818182,0.336448598130841,0.518518518518518,0.6,0.580357142857143,0.411214953271028,0.587719298245614,0.0588235294117647,0.0666666666666667,0.0982142857142857,0.0925925925925926,0.0892857142857143
"4999",0.53781512605042,0.552631578947368,0.313725490196078,0.32,0.641666666666667,0.605042016806723,0.669724770642202,0.629310344827586,0,0.572727272727273,0.23469387755102,0.575471698113208,0.61864406779661,0.505050505050505,0.539823008849557,0.269230769230769,0.471153846153846,0.542056074766355,0.580952380952381,0.386138613861386,0.531531531531532,0.0543478260869565,0.0978260869565217,0.12,0.150537634408602,0.121212121212121
"A1CE",0.521367521367521,0.535714285714286,0.372340425531915,0.336842105263158,0.613445378151261,0.55,0.594594594594595,0.642857142857143,0.572727272727273,0,0.247311827956989,0.603960396039604,0.603448275862069,0.484536082474227,0.55045871559633,0.295918367346939,0.40952380952381,0.509433962264151,0.477064220183486,0.35,0.586538461538462,0.0574712643678161,0.0666666666666667,0.0918367346938776,0.0736842105263158,0.0927835051546392
"EDDE",0.285714285714286,0.224489795918367,0.604166666666667,0.530612244897959,0.284403669724771,0.252336448598131,0.25,0.269230769230769,0.23469387755102,0.247311827956989,0,0.264367816091954,0.240740740740741,0.352941176470588,0.314606741573034,0.595744680851064,0.391304347826087,0.270588235294118,0.159574468085106,0.238805970149254,0.241758241758242,0,0,0,0,0
"B5F7",0.577981651376147,0.482142857142857,0.32258064516129,0.344444444444444,0.603448275862069,0.607142857142857,0.568807339449541,0.603603603603604,0.575471698113208,0.603960396039604,0.264367816091954,0,0.578947368421053,0.586206896551724,0.598039215686274,0.273684210526316,0.463917525773196,0.555555555555556,0.666666666666667,0.433333333333333,0.709677419354839,0.075,0.0843373493975904,0.0978260869565217,0.103448275862069,0.123595505617978
"101F",0.675213675213675,0.557377049180328,0.3125,0.318181818181818,0.68,0.658536585365854,0.652542372881356,0.787610619469027,0.61864406779661,0.603448275862069,0.240740740740741,0.578947368421053,0,0.472727272727273,0.654867256637168,0.294642857142857,0.509090909090909,0.603603603603604,0.504201680672269,0.390909090909091,0.564102564102564,0.0576923076923077,0.0654205607476635,0.106194690265487,0.100917431192661,0.0973451327433628
"B311",0.466666666666667,0.436893203883495,0.418918918918919,0.471428571428571,0.460869565217391,0.486238532110092,0.5,0.523809523809524,0.505050505050505,0.484536082474227,0.352941176470588,0.586206896551724,0.472727272727273,0,0.510416666666667,0.320512820512821,0.530864197530864,0.528089887640449,0.473118279569892,0.460526315789474,0.5,0.0303030303030303,0.0140845070422535,0.0246913580246914,0.0263157894736842,0.025
"A41C",0.556521739130435,0.504347826086956,0.397849462365591,0.406593406593407,0.621848739495798,0.584745762711864,0.618181818181818,0.681818181818182,0.539823008849557,0.55045871559633,0.314606741573034,0.598039215686274,0.654867256637168,0.510416666666667,0,0.361702127659574,0.505050505050505,0.563106796116505,0.486238532110092,0.446808510638298,0.551401869158878,0.0333333333333333,0.0898876404494382,0.08,0.0618556701030928,0.0808080808080808
"D8F5",0.330097087378641,0.271844660194175,0.692307692307692,0.535714285714286,0.324561403508772,0.294642857142857,0.307692307692308,0.336448598130841,0.269230769230769,0.295918367346939,0.595744680851064,0.273684210526316,0.294642857142857,0.320512820512821,0.361702127659574,0,0.38961038961039,0.367816091954023,0.2,0.323943661971831,0.305263157894737,0,0,0,0,0
"8EBE",0.490566037735849,0.394495412844037,0.453333333333333,0.486111111111111,0.535714285714286,0.431034482758621,0.414414414414414,0.518518518518518,0.471153846153846,0.40952380952381,0.391304347826087,0.463917525773196,0.509090909090909,0.530864197530864,0.505050505050505,0.38961038961039,0,0.521739130434783,0.382352941176471,0.4375,0.407766990291262,0.0285714285714286,0.0555555555555556,0.0481927710843374,0.0512820512820513,0.036144578313253
"ED95",0.559633027522936,0.426086956521739,0.359550561797753,0.352272727272727,0.572649572649573,0.521367521367521,0.564814814814815,0.6,0.542056074766355,0.509433962264151,0.270588235294118,0.555555555555556,0.603603603603604,0.528089887640449,0.563106796116505,0.367816091954023,0.521739130434783,0,0.53,0.476744186046512,0.635416666666667,0.037037037037037,0.0352941176470588,0.0531914893617021,0.0681818181818182,0.0537634408602151
"D3B0",0.48695652173913,0.473214285714286,0.232323232323232,0.25,0.528925619834711,0.598214285714286,0.60377358490566,0.580357142857143,0.580952380952381,0.477064220183486,0.159574468085106,0.666666666666667,0.504201680672269,0.473118279569892,0.486238532110092,0.2,0.382352941176471,0.53,0,0.422222222222222,0.645833333333333,0.0759493670886076,0.126582278481013,0.176470588235294,0.172839506172839,0.151162790697674
"AE33",0.407766990291262,0.299065420560748,0.333333333333333,0.36231884057971,0.370689655172414,0.403669724770642,0.398058252427184,0.411214953271028,0.386138613861386,0.35,0.238805970149254,0.433333333333333,0.390909090909091,0.460526315789474,0.446808510638298,0.323943661971831,0.4375,0.476744186046512,0.422222222222222,0,0.534883720930233,0,0,0,0,0
"100F",0.635514018691589,0.495575221238938,0.298969072164948,0.291666666666667,0.588235294117647,0.663636363636364,0.581818181818182,0.587719298245614,0.531531531531532,0.586538461538462,0.241758241758242,0.709677419354839,0.564102564102564,0.5,0.551401869158878,0.305263157894737,0.407766990291262,0.635416666666667,0.645833333333333,0.534883720930233,0,0.072289156626506,0.0689655172413793,0.0833333333333333,0.0879120879120879,0.10752688172043
"909D",0.0303030303030303,0.0434782608695652,0,0,0.045045045045045,0.0576923076923077,0.0631578947368421,0.0588235294117647,0.0543478260869565,0.0574712643678161,0,0.075,0.0576923076923077,0.0303030303030303,0.0333333333333333,0,0.0285714285714286,0.037037037037037,0.0759493670886076,0,0.072289156626506,0,0.333333333333333,0.347826086956522,0.368421052631579,0.304347826086957
"96BF",0.06,0.0989010989010989,0,0,0.0909090909090909,0.0961538461538462,0.09375,0.0666666666666667,0.0978260869565217,0.0666666666666667,0,0.0843373493975904,0.0654205607476635,0.0140845070422535,0.0898876404494382,0,0.0555555555555556,0.0352941176470588,0.126582278481013,0,0.0689655172413793,0.333333333333333,0,0.458333333333333,0.5,0.478260869565217
"877B",0.0636363636363636,0.121212121212121,0,0,0.110169491525424,0.19047619047619,0.148514851485149,0.0982142857142857,0.12,0.0918367346938776,0,0.0978260869565217,0.106194690265487,0.0246913580246914,0.08,0,0.0481927710843374,0.0531914893617021,0.176470588235294,0,0.0833333333333333,0.347826086956522,0.458333333333333,0,0.64,0.8
"8870",0.0566037735849057,0.104166666666667,0,0,0.105263157894737,0.132075471698113,0.121212121212121,0.0925925925925926,0.150537634408602,0.0736842105263158,0,0.103448275862069,0.100917431192661,0.0263157894736842,0.0618556701030928,0,0.0512820512820513,0.0681818181818182,0.172839506172839,0,0.0879120879120879,0.368421052631579,0.5,0.64,0,0.6
"91BD",0.0841121495327103,0.134020618556701,0,0,0.101694915254237,0.192307692307692,0.15,0.0892857142857143,0.121212121212121,0.0927835051546392,0,0.123595505617978,0.0973451327433628,0.025,0.0808080808080808,0,0.036144578313253,0.0537634408602151,0.151162790697674,0,0.10752688172043,0.304347826086957,0.478260869565217,0.8,0.6,0
