"","A0CF","A4F8","A1D2","CE1D","1A0D","94D3","9900","5440","5DED","4F91","A093","5EBF3C","0832","775E","61B2","4D10","900E","8712","1338","4FCA","5876","E89B","238E","4107","A290"
"A0CF",0,0.633928571428571,0.583333333333333,0.273684210526316,0.635514018691589,0.505050505050505,0.644067796610169,0.657407407407407,0.0851063829787234,0.518867924528302,0.41747572815534,0.495145631067961,0.554545454545455,0.475247524752475,0.519230769230769,0.625,0.548387096774194,0.532786885245902,0.571428571428571,0.610619469026549,0.0210526315789474,0.172413793103448,0.131578947368421,0.161016949152542,0.155172413793103
"A4F8",0.633928571428571,0,0.596153846153846,0.288888888888889,0.60377358490566,0.454545454545455,0.6875,0.626168224299065,0.0777777777777778,0.544554455445545,0.396039603960396,0.46078431372549,0.611650485436893,0.411764705882353,0.53,0.547169811320755,0.484126984126984,0.467741935483871,0.568807339449541,0.609090909090909,0.010989010989011,0.169642857142857,0.158878504672897,0.178571428571429,0.172727272727273
"A1D2",0.583333333333333,0.596153846153846,0,0.268292682926829,0.564356435643564,0.48314606741573,0.669811320754717,0.603960396039604,0.0625,0.565217391304348,0.449438202247191,0.489130434782609,0.571428571428571,0.450549450549451,0.484210526315789,0.504950495049505,0.5625,0.478260869565217,0.558823529411765,0.571428571428571,0.0126582278481013,0.155339805825243,0.12,0.153846153846154,0.135922330097087
"CE1D",0.273684210526316,0.288888888888889,0.268292682926829,0,0.255813953488372,0.344262295081967,0.27,0.230769230769231,0.166666666666667,0.220779220779221,0.295081967213115,0.260869565217391,0.253012048192771,0.344262295081967,0.358208955223881,0.259259259259259,0.157407407407407,0.176470588235294,0.238636363636364,0.223404255319149,0.0344827586206897,0,0,0,0
"1A0D",0.635514018691589,0.60377358490566,0.564356435643564,0.255813953488372,0,0.528089887640449,0.660550458715596,0.643564356435644,0.0470588235294118,0.541666666666667,0.4,0.516129032258065,0.564356435643564,0.387755102040816,0.435643564356436,0.67741935483871,0.52991452991453,0.474576271186441,0.567307692307692,0.625,0,0.194174757281553,0.171717171717172,0.203883495145631,0.186274509803922
"94D3",0.505050505050505,0.454545454545455,0.48314606741573,0.344262295081967,0.528089887640449,0,0.435185185185185,0.443298969072165,0.0862068965517241,0.370786516853933,0.573529411764706,0.575342465753425,0.389473684210526,0.549295774647887,0.4875,0.529411764705882,0.353982300884956,0.40952380952381,0.522222222222222,0.415841584158416,0,0.0319148936170213,0.0344827586206897,0.0315789473684211,0.0326086956521739
"9900",0.644067796610169,0.6875,0.669811320754717,0.27,0.660550458715596,0.435185185185185,0,0.712962962962963,0.0588235294117647,0.560747663551402,0.381818181818182,0.428571428571429,0.623853211009174,0.383928571428571,0.477477477477477,0.605504587155963,0.65,0.531746031746032,0.568965517241379,0.693693693693694,0.00980392156862745,0.314814814814815,0.238532110091743,0.288288288288288,0.272727272727273
"5440",0.657407407407407,0.626168224299065,0.603960396039604,0.230769230769231,0.643564356435644,0.443298969072165,0.712962962962963,0,0.0689655172413793,0.56701030927835,0.37,0.435643564356436,0.636363636363636,0.386138613861386,0.446601941747573,0.616161616161616,0.619469026548673,0.53448275862069,0.546296296296296,0.647619047619048,0,0.257425742574257,0.212121212121212,0.230769230769231,0.25
"5DED",0.0851063829787234,0.0777777777777778,0.0625,0.166666666666667,0.0470588235294118,0.0862068965517241,0.0588235294117647,0.0689655172413793,0,0.0869565217391304,0.132075471698113,0.0625,0.0493827160493827,0.0677966101694915,0.0746268656716418,0.0375,0.00952380952380952,0.0202020202020202,0.0344827586206897,0.032258064516129,0.1,0,0,0,0
"4F91",0.518867924528302,0.544554455445545,0.565217391304348,0.220779220779221,0.541666666666667,0.370786516853933,0.560747663551402,0.56701030927835,0.0869565217391304,0,0.322222222222222,0.426966292134831,0.548387096774194,0.326086956521739,0.408602150537634,0.543478260869565,0.447368421052632,0.379310344827586,0.49,0.534653465346535,0.0144927536231884,0.172043010752688,0.133333333333333,0.170212765957447,0.138297872340426
"A093",0.41747572815534,0.396039603960396,0.449438202247191,0.295081967213115,0.4,0.573529411764706,0.381818181818182,0.37,0.132075471698113,0.322222222222222,0,0.435897435897436,0.316326530612245,0.507042253521127,0.526315789473684,0.380434782608696,0.293103448275862,0.355140186915888,0.425531914893617,0.372549019607843,0.0377358490566038,0.010752688172043,0.0116279069767442,0.0106382978723404,0.010989010989011
"5EBF3C",0.495145631067961,0.46078431372549,0.489130434782609,0.260869565217391,0.516129032258065,0.575342465753425,0.428571428571429,0.435643564356436,0.0625,0.426966292134831,0.435897435897436,0,0.397959183673469,0.474358974358974,0.476190476190476,0.534090909090909,0.385964912280702,0.429906542056075,0.494736842105263,0.436893203883495,0,0.0625,0.043956043956044,0.0510204081632653,0.0526315789473684
"0832",0.554545454545455,0.611650485436893,0.571428571428571,0.253012048192771,0.564356435643564,0.389473684210526,0.623853211009174,0.636363636363636,0.0493827160493827,0.548387096774194,0.316326530612245,0.397959183673469,0,0.346938775510204,0.41,0.583333333333333,0.521739130434783,0.478260869565217,0.472222222222222,0.617647058823529,0,0.22680412371134,0.191489361702128,0.224489795918367,0.206185567010309
"775E",0.475247524752475,0.411764705882353,0.450549450549451,0.344262295081967,0.387755102040816,0.549295774647887,0.383928571428571,0.386138613861386,0.0677966101694915,0.326086956521739,0.507042253521127,0.474358974358974,0.346938775510204,0,0.451219512195122,0.428571428571429,0.330434782608696,0.423076923076923,0.473118279569892,0.349056603773585,0.0175438596491228,0.0104166666666667,0.0112359550561798,0.0103092783505155,0.0106382978723404
"61B2",0.519230769230769,0.53,0.484210526315789,0.358208955223881,0.435643564356436,0.4875,0.477477477477477,0.446601941747573,0.0746268656716418,0.408602150537634,0.526315789473684,0.476190476190476,0.41,0.451219512195122,0,0.478723404255319,0.396551724137931,0.440366972477064,0.553191489361702,0.475728155339806,0.0307692307692308,0.06,0.0645161290322581,0.0594059405940594,0.0505050505050505
"4D10",0.625,0.547169811320755,0.504950495049505,0.259259259259259,0.67741935483871,0.529411764705882,0.605504587155963,0.616161616161616,0.0375,0.543478260869565,0.380434782608696,0.534090909090909,0.583333333333333,0.428571428571429,0.478723404255319,0,0.530973451327434,0.513513513513513,0.554455445544555,0.598039215686274,0.012987012987013,0.206185567010309,0.170212765957447,0.191919191919192,0.185567010309278
"900E",0.548387096774194,0.484126984126984,0.5625,0.157407407407407,0.52991452991453,0.353982300884956,0.65,0.619469026548673,0.00952380952380952,0.447368421052632,0.293103448275862,0.385964912280702,0.521739130434783,0.330434782608696,0.396551724137931,0.530973451327434,0,0.705357142857143,0.578947368421053,0.603448275862069,0.01,0.333333333333333,0.254716981132075,0.293577981651376,0.30188679245283
"8712",0.532786885245902,0.467741935483871,0.478260869565217,0.176470588235294,0.474576271186441,0.40952380952381,0.531746031746032,0.53448275862069,0.0202020202020202,0.379310344827586,0.355140186915888,0.429906542056075,0.478260869565217,0.423076923076923,0.440366972477064,0.513513513513513,0.705357142857143,0,0.635514018691589,0.560344827586207,0.0212765957446809,0.238532110091743,0.230769230769231,0.225225225225225,0.254716981132075
"1338",0.571428571428571,0.568807339449541,0.558823529411765,0.238636363636364,0.567307692307692,0.522222222222222,0.568965517241379,0.546296296296296,0.0344827586206897,0.49,0.425531914893617,0.494736842105263,0.472222222222222,0.473118279569892,0.553191489361702,0.554455445544555,0.578947368421053,0.635514018691589,0,0.60377358490566,0.0240963855421687,0.180952380952381,0.147058823529412,0.19047619047619,0.173076923076923
"4FCA",0.610619469026549,0.609090909090909,0.571428571428571,0.223404255319149,0.625,0.415841584158416,0.693693693693694,0.647619047619048,0.032258064516129,0.534653465346535,0.372549019607843,0.436893203883495,0.617647058823529,0.349056603773585,0.475728155339806,0.598039215686274,0.603448275862069,0.560344827586207,0.60377358490566,0,0.0224719101123595,0.274509803921569,0.217821782178218,0.259615384615385,0.242718446601942
"5876",0.0210526315789474,0.010989010989011,0.0126582278481013,0.0344827586206897,0,0,0.00980392156862745,0,0.1,0.0144927536231884,0.0377358490566038,0,0,0.0175438596491228,0.0307692307692308,0.012987012987013,0.01,0.0212765957446809,0.0240963855421687,0.0224719101123595,0,0,0,0,0
"E89B",0.172413793103448,0.169642857142857,0.155339805825243,0,0.194174757281553,0.0319148936170213,0.314814814814815,0.257425742574257,0,0.172043010752688,0.010752688172043,0.0625,0.22680412371134,0.0104166666666667,0.06,0.206185567010309,0.333333333333333,0.238532110091743,0.180952380952381,0.274509803921569,0,0,0.638297872340426,0.808510638297872,0.782608695652174
"238E",0.131578947368421,0.158878504672897,0.12,0,0.171717171717172,0.0344827586206897,0.238532110091743,0.212121212121212,0,0.133333333333333,0.0116279069767442,0.043956043956044,0.191489361702128,0.0112359550561798,0.0645161290322581,0.170212765957447,0.254716981132075,0.230769230769231,0.147058823529412,0.217821782178218,0,0.638297872340426,0,0.659574468085106,0.595744680851064
"4107",0.161016949152542,0.178571428571429,0.153846153846154,0,0.203883495145631,0.0315789473684211,0.288288288288288,0.230769230769231,0,0.170212765957447,0.0106382978723404,0.0510204081632653,0.224489795918367,0.0103092783505155,0.0594059405940594,0.191919191919192,0.293577981651376,0.225225225225225,0.19047619047619,0.259615384615385,0,0.808510638297872,0.659574468085106,0,0.804347826086957
"A290",0.155172413793103,0.172727272727273,0.135922330097087,0,0.186274509803922,0.0326086956521739,0.272727272727273,0.25,0,0.138297872340426,0.010989010989011,0.0526315789473684,0.206185567010309,0.0106382978723404,0.0505050505050505,0.185567010309278,0.30188679245283,0.254716981132075,0.173076923076923,0.242718446601942,0,0.782608695652174,0.595744680851064,0.804347826086957,0
