"","238E","A1CE","48AB","1A0D","E89B","110D","2562","4999","B5F7","101F","B311","A41C","100F","AE33","909D","96BF","8870","91BD","ED95","8EBE","877B","D3B0","06E6","0ACE","0222","1153"
"238E",0,0.474137931034483,0.657407407407407,0.591666666666667,0.0357142857142857,0.540540540540541,0.530612244897959,0.483333333333333,0.481481481481481,0.495867768595041,0.467213114754098,0.404040404040404,0.548387096774194,0.613207547169811,0.456692913385827,0.571428571428571,0.651376146788991,0.457142857142857,0.627272727272727,0.461538461538462,0.5234375,0.459016393442623,0.0297029702970297,0.029126213592233,0.0196078431372549,0.0377358490566038
"A1CE",0.474137931034483,0,0.529411764705882,0.503875968992248,0.0227272727272727,0.526315789473684,0.429906542056075,0.521008403361345,0.481751824817518,0.533333333333333,0.529411764705882,0.327102803738318,0.547619047619048,0.5,0.516129032258065,0.516949152542373,0.577586206896552,0.510948905109489,0.555555555555556,0.440298507462687,0.534883720930233,0.521008403361345,0.0808080808080808,0.058252427184466,0.0808080808080808,0.0660377358490566
"48AB",0.657407407407407,0.529411764705882,0,0.541984732824427,0.0315789473684211,0.685185185185185,0.548076923076923,0.549180327868853,0.49645390070922,0.586776859504132,0.52,0.442307692307692,0.526315789473684,0.625,0.53125,0.715596330275229,0.785046728971963,0.546762589928058,0.68141592920354,0.435714285714286,0.514705882352941,0.4765625,0.036036036036036,0.0263157894736842,0.036036036036036,0.0168067226890756
"1A0D",0.591666666666667,0.503875968992248,0.541984732824427,0,0.0280373831775701,0.515625,0.395161290322581,0.608,0.676691729323308,0.557251908396947,0.629032258064516,0.372881355932203,0.706349206349206,0.658119658119658,0.6,0.592,0.573643410852713,0.609929078014184,0.683333333333333,0.638461538461538,0.73015873015873,0.558139534883721,0.104347826086957,0.0840336134453782,0.0948275862068965,0.117647058823529
"E89B",0.0357142857142857,0.0227272727272727,0.0315789473684211,0.0280373831775701,0,0.0344827586206897,0.0454545454545455,0.0319148936170213,0.0258620689655172,0.0309278350515464,0.0315789473684211,0.0357142857142857,0.0277777777777778,0.0344827586206897,0.0297029702970297,0.0326086956521739,0.03125,0.025,0.0208333333333333,0.0186915887850467,0.0178571428571429,0.0210526315789474,0,0,0,0
"110D",0.540540540540541,0.526315789473684,0.685185185185185,0.515625,0.0344827586206897,0,0.53,0.495867768595041,0.492647058823529,0.614035087719298,0.516666666666667,0.448979591836735,0.511627906976744,0.526315789473684,0.540983606557377,0.672897196261682,0.678899082568807,0.533333333333333,0.568965517241379,0.473282442748092,0.477611940298507,0.521008403361345,0.0490196078431373,0.0283018867924528,0.0490196078431373,0.0272727272727273
"2562",0.530612244897959,0.429906542056075,0.548076923076923,0.395161290322581,0.0454545454545455,0.53,0,0.355932203389831,0.348148148148148,0.417391304347826,0.387931034482759,0.475609756097561,0.37007874015748,0.471153846153846,0.403361344537815,0.549019607843137,0.603960396039604,0.377777777777778,0.45045045045045,0.293233082706767,0.361538461538462,0.355932203389831,0.0117647058823529,0,0.0117647058823529,0
"4999",0.483333333333333,0.521008403361345,0.549180327868853,0.608,0.0319148936170213,0.495867768595041,0.355932203389831,0,0.567164179104478,0.565573770491803,0.629310344827586,0.36697247706422,0.655737704918033,0.560344827586207,0.547619047619048,0.617391304347826,0.596638655462185,0.528571428571429,0.615384615384615,0.5625,0.553030303030303,0.516129032258065,0.0961538461538462,0.0545454545454545,0.0961538461538462,0.0526315789473684
"B5F7",0.481481481481481,0.481751824817518,0.49645390070922,0.676691729323308,0.0258620689655172,0.492647058823529,0.348148148148148,0.567164179104478,0,0.532374100719424,0.661417322834646,0.379032258064516,0.75,0.561538461538462,0.682170542635659,0.485714285714286,0.514285714285714,0.710144927536232,0.586466165413534,0.790322580645161,0.71969696969697,0.68,0.114754098360656,0.140495867768595,0.12396694214876,0.183333333333333
"101F",0.495867768595041,0.533333333333333,0.586776859504132,0.557251908396947,0.0309278350515464,0.614035087719298,0.417391304347826,0.565573770491803,0.532374100719424,0,0.613445378151261,0.357142857142857,0.553030303030303,0.586206896551724,0.596774193548387,0.73394495412844,0.635593220338983,0.572463768115942,0.627118644067797,0.549618320610687,0.56390977443609,0.552845528455285,0.114285714285714,0.0917431192660551,0.0934579439252336,0.0884955752212389
"B311",0.467213114754098,0.529411764705882,0.52,0.629032258064516,0.0315789473684211,0.516666666666667,0.387931034482759,0.629310344827586,0.661417322834646,0.613445378151261,0,0.388888888888889,0.650406504065041,0.568965517241379,0.675213675213675,0.545454545454545,0.565573770491803,0.6796875,0.652173913043478,0.595238095238095,0.67479674796748,0.615384615384615,0.138613861386139,0.114285714285714,0.105769230769231,0.130841121495327
"A41C",0.404040404040404,0.327102803738318,0.442307692307692,0.372881355932203,0.0357142857142857,0.448979591836735,0.475609756097561,0.36697247706422,0.379032258064516,0.357142857142857,0.388888888888889,0,0.393162393162393,0.448979591836735,0.392857142857143,0.441176470588235,0.438095238095238,0.325757575757576,0.415094339622642,0.330578512396694,0.328,0.354545454545455,0,0,0,0
"100F",0.548387096774194,0.547619047619048,0.526315789473684,0.706349206349206,0.0277777777777778,0.511627906976744,0.37007874015748,0.655737704918033,0.75,0.553030303030303,0.650406504065041,0.393162393162393,0,0.652542372881356,0.607692307692308,0.526717557251908,0.606299212598425,0.640287769784173,0.663934426229508,0.712,0.684615384615385,0.603174603174603,0.103448275862069,0.092436974789916,0.12280701754386,0.126050420168067
"AE33",0.613207547169811,0.5,0.625,0.658119658119658,0.0344827586206897,0.526315789473684,0.471153846153846,0.560344827586207,0.561538461538462,0.586206896551724,0.568965517241379,0.448979591836735,0.652542372881356,0,0.540983606557377,0.657407407407407,0.663636363636364,0.533333333333333,0.75,0.544,0.622950819672131,0.533898305084746,0.00943396226415094,0.00925925925925926,0.00943396226415094,0.00892857142857143
"909D",0.456692913385827,0.516129032258065,0.53125,0.6,0.0297029702970297,0.540983606557377,0.403361344537815,0.547619047619048,0.682170542635659,0.596774193548387,0.675213675213675,0.392857142857143,0.607692307692308,0.540983606557377,0,0.519685039370079,0.551181102362205,0.7,0.619834710743802,0.580152671755725,0.618320610687023,0.638655462184874,0.12037037037037,0.118181818181818,0.1,0.133928571428571
"96BF",0.571428571428571,0.516949152542373,0.715596330275229,0.592,0.0326086956521739,0.672897196261682,0.549019607843137,0.617391304347826,0.485714285714286,0.73394495412844,0.545454545454545,0.441176470588235,0.526717557251908,0.657407407407407,0.519685039370079,0,0.740740740740741,0.525179856115108,0.654867256637168,0.466666666666667,0.526315789473684,0.51219512195122,0.037037037037037,0.027027027027027,0.037037037037037,0.0172413793103448
"8870",0.651376146788991,0.577586206896552,0.785046728971963,0.573643410852713,0.03125,0.678899082568807,0.603960396039604,0.596638655462185,0.514285714285714,0.635593220338983,0.565573770491803,0.438095238095238,0.606299212598425,0.663636363636364,0.551181102362205,0.740740740740741,0,0.576642335766423,0.736363636363636,0.474452554744526,0.522058823529412,0.472868217054264,0.045045045045045,0.0350877192982456,0.045045045045045,0.0252100840336134
"91BD",0.457142857142857,0.510948905109489,0.546762589928058,0.609929078014184,0.025,0.533333333333333,0.377777777777778,0.528571428571429,0.710144927536232,0.572463768115942,0.6796875,0.325757575757576,0.640287769784173,0.533333333333333,0.7,0.525179856115108,0.576642335766423,0,0.641221374045801,0.63768115942029,0.661870503597122,0.609022556390977,0.15702479338843,0.183333333333333,0.138211382113821,0.19672131147541
"ED95",0.627272727272727,0.555555555555556,0.68141592920354,0.683333333333333,0.0208333333333333,0.568965517241379,0.45045045045045,0.615384615384615,0.586466165413534,0.627118644067797,0.652173913043478,0.415094339622642,0.663934426229508,0.75,0.619834710743802,0.654867256637168,0.736363636363636,0.641221374045801,0,0.582677165354331,0.634920634920635,0.615384615384615,0.055045871559633,0.0540540540540541,0.055045871559633,0.0431034482758621
"8EBE",0.461538461538462,0.440298507462687,0.435714285714286,0.638461538461538,0.0186915887850467,0.473282442748092,0.293233082706767,0.5625,0.790322580645161,0.549618320610687,0.595238095238095,0.330578512396694,0.712,0.544,0.580152671755725,0.466666666666667,0.474452554744526,0.63768115942029,0.582677165354331,0,0.682170542635659,0.587301587301587,0.105263157894737,0.132743362831858,0.125,0.178571428571429
"877B",0.5234375,0.534883720930233,0.514705882352941,0.73015873015873,0.0178571428571429,0.477611940298507,0.361538461538462,0.553030303030303,0.71969696969697,0.56390977443609,0.67479674796748,0.328,0.684615384615385,0.622950819672131,0.618320610687023,0.526315789473684,0.522058823529412,0.661870503597122,0.634920634920635,0.682170542635659,0,0.626984126984127,0.110169491525424,0.127118644067797,0.110169491525424,0.170940170940171
"D3B0",0.459016393442623,0.521008403361345,0.4765625,0.558139534883721,0.0210526315789474,0.521008403361345,0.355932203389831,0.516129032258065,0.68,0.552845528455285,0.615384615384615,0.354545454545455,0.603174603174603,0.533898305084746,0.638655462184874,0.51219512195122,0.472868217054264,0.609022556390977,0.615384615384615,0.587301587301587,0.626984126984127,0,0.0961538461538462,0.12621359223301,0.0961538461538462,0.132075471698113
"06E6",0.0297029702970297,0.0808080808080808,0.036036036036036,0.104347826086957,0,0.0490196078431373,0.0117647058823529,0.0961538461538462,0.114754098360656,0.114285714285714,0.138613861386139,0,0.103448275862069,0.00943396226415094,0.12037037037037,0.037037037037037,0.045045045045045,0.15702479338843,0.055045871559633,0.105263157894737,0.110169491525424,0.0961538461538462,0,0.5,0.6,0.483870967741935
"0ACE",0.029126213592233,0.058252427184466,0.0263157894736842,0.0840336134453782,0,0.0283018867924528,0,0.0545454545454545,0.140495867768595,0.0917431192660551,0.114285714285714,0,0.092436974789916,0.00925925925925926,0.118181818181818,0.027027027027027,0.0350877192982456,0.183333333333333,0.0540540540540541,0.132743362831858,0.127118644067797,0.12621359223301,0.5,0,0.555555555555556,0.655172413793103
"0222",0.0196078431372549,0.0808080808080808,0.036036036036036,0.0948275862068965,0,0.0490196078431373,0.0117647058823529,0.0961538461538462,0.12396694214876,0.0934579439252336,0.105769230769231,0,0.12280701754386,0.00943396226415094,0.1,0.037037037037037,0.045045045045045,0.138211382113821,0.055045871559633,0.125,0.110169491525424,0.0961538461538462,0.6,0.555555555555556,0,0.4375
"1153",0.0377358490566038,0.0660377358490566,0.0168067226890756,0.117647058823529,0,0.0272727272727273,0,0.0526315789473684,0.183333333333333,0.0884955752212389,0.130841121495327,0,0.126050420168067,0.00892857142857143,0.133928571428571,0.0172413793103448,0.0252100840336134,0.19672131147541,0.0431034482758621,0.178571428571429,0.170940170940171,0.132075471698113,0.483870967741935,0.655172413793103,0.4375,0
